C FILENAME: P15F6.PDF
CC Propane Jet in Coflowing Air Stream
CC PDF of Mixture Fraction Measured using Rayleigh
CC Axial Position, x/D=   15.00
CC Bulk Jet Velocity=53 m/s, Jet Reynolds No.=68168
CC Coflowing Air Velocity=9.5 m/s
CC                            
CC     y/D=   0.17           y/D=   0.32          y/D=   0.47
CC    f          P(f)       f        P(f)        f         P(f) 
  0.747E+00  0.274E-01  0.714E+00  0.000E+00  0.694E+00  0.000E+00
  0.738E+00  0.547E-01  0.704E+00  0.513E-01  0.683E+00  0.241E-01
  0.728E+00  0.000E+00  0.694E+00  0.513E-01  0.673E+00  0.000E+00
  0.719E+00  0.274E-01  0.684E+00  0.000E+00  0.662E+00  0.241E-01
  0.710E+00  0.192E+00  0.675E+00  0.513E-01  0.652E+00  0.241E-01
  0.701E+00  0.137E+00  0.665E+00  0.128E+00  0.641E+00  0.120E+00
  0.692E+00  0.520E+00  0.655E+00  0.308E+00  0.631E+00  0.192E+00
  0.683E+00  0.411E+00  0.645E+00  0.179E+00  0.621E+00  0.385E+00
  0.673E+00  0.630E+00  0.636E+00  0.564E+00  0.610E+00  0.602E+00
  0.664E+00  0.630E+00  0.626E+00  0.718E+00  0.600E+00  0.914E+00
  0.655E+00  0.131E+01  0.616E+00  0.110E+01  0.589E+00  0.108E+01
  0.646E+00  0.167E+01  0.606E+00  0.136E+01  0.579E+00  0.101E+01
  0.637E+00  0.224E+01  0.596E+00  0.174E+01  0.568E+00  0.168E+01
  0.628E+00  0.293E+01  0.587E+00  0.290E+01  0.558E+00  0.217E+01
  0.618E+00  0.307E+01  0.577E+00  0.300E+01  0.548E+00  0.291E+01
  0.609E+00  0.307E+01  0.567E+00  0.380E+01  0.537E+00  0.286E+01
  0.600E+00  0.408E+01  0.557E+00  0.359E+01  0.527E+00  0.349E+01
  0.591E+00  0.485E+01  0.548E+00  0.403E+01  0.516E+00  0.380E+01
  0.582E+00  0.537E+01  0.538E+00  0.413E+01  0.506E+00  0.440E+01
  0.572E+00  0.452E+01  0.528E+00  0.497E+01  0.495E+00  0.414E+01
  0.563E+00  0.561E+01  0.518E+00  0.533E+01  0.485E+00  0.489E+01
  0.554E+00  0.509E+01  0.508E+00  0.549E+01  0.475E+00  0.460E+01
  0.545E+00  0.493E+01  0.499E+00  0.482E+01  0.464E+00  0.489E+01
  0.536E+00  0.556E+01  0.489E+00  0.479E+01  0.454E+00  0.496E+01
  0.527E+00  0.564E+01  0.479E+00  0.518E+01  0.443E+00  0.344E+01
  0.517E+00  0.479E+01  0.469E+00  0.520E+01  0.433E+00  0.402E+01
  0.508E+00  0.526E+01  0.460E+00  0.390E+01  0.423E+00  0.411E+01
  0.499E+00  0.515E+01  0.450E+00  0.362E+01  0.412E+00  0.409E+01
  0.490E+00  0.413E+01  0.440E+00  0.369E+01  0.402E+00  0.399E+01
  0.481E+00  0.372E+01  0.430E+00  0.351E+01  0.391E+00  0.320E+01
  0.472E+00  0.318E+01  0.421E+00  0.246E+01  0.381E+00  0.298E+01
  0.463E+00  0.279E+01  0.411E+00  0.318E+01  0.370E+00  0.354E+01
  0.453E+00  0.255E+01  0.401E+00  0.305E+01  0.360E+00  0.245E+01
  0.444E+00  0.260E+01  0.391E+00  0.174E+01  0.350E+00  0.202E+01
  0.435E+00  0.235E+01  0.382E+00  0.213E+01  0.339E+00  0.197E+01
  0.426E+00  0.170E+01  0.372E+00  0.203E+01  0.329E+00  0.200E+01
  0.417E+00  0.121E+01  0.362E+00  0.154E+01  0.318E+00  0.156E+01
  0.407E+00  0.142E+01  0.352E+00  0.164E+01  0.308E+00  0.722E+00
  0.398E+00  0.110E+01  0.342E+00  0.118E+01  0.297E+00  0.111E+01
  0.389E+00  0.931E+00  0.333E+00  0.949E+00  0.287E+00  0.118E+01
  0.380E+00  0.739E+00  0.323E+00  0.538E+00  0.277E+00  0.106E+01
  0.371E+00  0.520E+00  0.313E+00  0.718E+00  0.266E+00  0.698E+00
  0.362E+00  0.383E+00  0.303E+00  0.615E+00  0.256E+00  0.481E+00
  0.352E+00  0.630E+00  0.294E+00  0.667E+00  0.245E+00  0.481E+00
  0.343E+00  0.411E+00  0.284E+00  0.436E+00  0.235E+00  0.457E+00
  0.334E+00  0.109E+00  0.274E+00  0.410E+00  0.224E+00  0.433E+00
  0.325E+00  0.137E+00  0.264E+00  0.333E+00  0.214E+00  0.313E+00
  0.316E+00  0.246E+00  0.254E+00  0.179E+00  0.204E+00  0.192E+00
  0.307E+00  0.301E+00  0.245E+00  0.128E+00  0.193E+00  0.963E-01
  0.298E+00  0.164E+00  0.235E+00  0.205E+00  0.183E+00  0.144E+00
