C FILENAME: P15F7.PDF
CC Propane Jet in Coflowing Air Stream
CC PDF of Mixture Fraction Measured using Rayleigh
CC Axial Position, x/D=   15.00
CC Bulk Jet Velocity=53 m/s, Jet Reynolds No.=68168
CC Coflowing Air Velocity=9.5 m/s
CC                            
CC     y/D=   0.62           y/D=   0.89          y/D=   1.20
CC    f          P(f)       f        P(f)        f         P(f) 
  0.695E+00  0.000E+00  0.589E+00  0.211E-01  0.474E+00  0.440E-01
  0.683E+00  0.000E+00  0.577E+00  0.632E-01  0.462E+00  0.132E+00
  0.672E+00  0.217E-01  0.565E+00  0.632E-01  0.451E+00  0.660E-01
  0.660E+00  0.867E-01  0.553E+00  0.105E+00  0.439E+00  0.154E+00
  0.649E+00  0.867E-01  0.542E+00  0.190E+00  0.428E+00  0.176E+00
  0.637E+00  0.130E+00  0.530E+00  0.232E+00  0.417E+00  0.308E+00
  0.626E+00  0.195E+00  0.518E+00  0.274E+00  0.405E+00  0.352E+00
  0.614E+00  0.325E+00  0.506E+00  0.400E+00  0.394E+00  0.462E+00
  0.602E+00  0.412E+00  0.494E+00  0.590E+00  0.382E+00  0.814E+00
  0.591E+00  0.867E+00  0.482E+00  0.842E+00  0.371E+00  0.748E+00
  0.579E+00  0.975E+00  0.470E+00  0.112E+01  0.360E+00  0.128E+01
  0.568E+00  0.158E+01  0.458E+00  0.137E+01  0.348E+00  0.968E+00
  0.556E+00  0.165E+01  0.447E+00  0.141E+01  0.337E+00  0.147E+01
  0.544E+00  0.202E+01  0.435E+00  0.202E+01  0.326E+00  0.165E+01
  0.533E+00  0.217E+01  0.423E+00  0.198E+01  0.314E+00  0.205E+01
  0.521E+00  0.260E+01  0.411E+00  0.259E+01  0.303E+00  0.189E+01
  0.510E+00  0.280E+01  0.399E+00  0.272E+01  0.291E+00  0.295E+01
  0.498E+00  0.349E+01  0.387E+00  0.238E+01  0.280E+00  0.244E+01
  0.487E+00  0.371E+01  0.375E+00  0.354E+01  0.269E+00  0.295E+01
  0.475E+00  0.399E+01  0.363E+00  0.310E+01  0.257E+00  0.367E+01
  0.463E+00  0.356E+01  0.352E+00  0.360E+01  0.246E+00  0.323E+01
  0.452E+00  0.360E+01  0.340E+00  0.356E+01  0.234E+00  0.348E+01
  0.440E+00  0.425E+01  0.328E+00  0.354E+01  0.223E+00  0.357E+01
  0.429E+00  0.386E+01  0.316E+00  0.356E+01  0.212E+00  0.414E+01
  0.417E+00  0.423E+01  0.304E+00  0.436E+01  0.200E+00  0.434E+01
  0.406E+00  0.310E+01  0.292E+00  0.337E+01  0.189E+00  0.361E+01
  0.394E+00  0.442E+01  0.280E+00  0.402E+01  0.177E+00  0.383E+01
  0.382E+00  0.358E+01  0.268E+00  0.411E+01  0.166E+00  0.427E+01
  0.371E+00  0.323E+01  0.257E+00  0.331E+01  0.155E+00  0.398E+01
  0.359E+00  0.301E+01  0.245E+00  0.352E+01  0.143E+00  0.374E+01
  0.348E+00  0.284E+01  0.233E+00  0.297E+01  0.132E+00  0.297E+01
  0.336E+00  0.269E+01  0.221E+00  0.310E+01  0.120E+00  0.381E+01
  0.325E+00  0.282E+01  0.209E+00  0.269E+01  0.109E+00  0.253E+01
  0.313E+00  0.202E+01  0.197E+00  0.223E+01  0.978E-01  0.262E+01
  0.301E+00  0.199E+01  0.185E+00  0.198E+01  0.864E-01  0.260E+01
  0.290E+00  0.193E+01  0.173E+00  0.150E+01  0.750E-01  0.240E+01
  0.278E+00  0.115E+01  0.161E+00  0.124E+01  0.636E-01  0.191E+01
  0.267E+00  0.128E+01  0.150E+00  0.122E+01  0.522E-01  0.167E+01
  0.255E+00  0.139E+01  0.138E+00  0.133E+01  0.409E-01  0.143E+01
  0.244E+00  0.780E+00  0.126E+00  0.103E+01  0.295E-01  0.121E+01
  0.232E+00  0.802E+00  0.114E+00  0.716E+00  0.181E-01  0.110E+01
  0.220E+00  0.542E+00  0.102E+00  0.526E+00  0.670E-02  0.748E+00
  0.209E+00  0.412E+00  0.901E-01  0.358E+00  -.468E-02  0.880E-01
  0.197E+00  0.477E+00  0.783E-01  0.442E+00  -.161E-01  0.000E+00
  0.186E+00  0.325E+00  0.664E-01  0.337E+00  -.275E-01  0.000E+00
  0.174E+00  0.260E+00  0.545E-01  0.274E+00  -.388E-01  0.000E+00
  0.162E+00  0.303E+00  0.426E-01  0.169E+00  -.502E-01  0.000E+00
  0.151E+00  0.238E+00  0.308E-01  0.842E-01  -.616E-01  0.000E+00
  0.139E+00  0.130E+00  0.189E-01  0.421E-01  -.730E-01  0.000E+00
  0.128E+00  0.108E+00  0.699E-02  0.000E+00  -.844E-01  0.000E+00
