C FILENAME: P15F2.PDF
CC Propane Jet in Coflowing Air Stream
CC PDF of Mixture Fraction Measured using Rayleigh
CC Axial Position, x/D=   15.00
CC Bulk Jet Velocity=53 m/s, Jet Reynolds No.=68168
CC Coflowing Air Velocity=9.5 m/s
CC                            
CC     y/D=  -1.87           y/D=  -1.58          y/D=  -1.27
CC    f          P(f)       f        P(f)        f         P(f) 
  0.186E+00  0.438E+00  0.325E+00  0.154E+00  0.451E+00  0.895E-01
  0.179E+00  0.478E+00  0.316E+00  0.282E+00  0.440E+00  0.671E-01
  0.173E+00  0.518E+00  0.306E+00  0.436E+00  0.429E+00  0.157E+00
  0.167E+00  0.757E+00  0.296E+00  0.385E+00  0.417E+00  0.336E+00
  0.160E+00  0.558E+00  0.286E+00  0.590E+00  0.406E+00  0.179E+00
  0.154E+00  0.956E+00  0.276E+00  0.100E+01  0.395E+00  0.313E+00
  0.147E+00  0.598E+00  0.267E+00  0.590E+00  0.384E+00  0.380E+00
  0.141E+00  0.124E+01  0.257E+00  0.949E+00  0.373E+00  0.604E+00
  0.134E+00  0.917E+00  0.247E+00  0.113E+01  0.361E+00  0.492E+00
  0.128E+00  0.996E+00  0.237E+00  0.123E+01  0.350E+00  0.112E+01
  0.122E+00  0.120E+01  0.227E+00  0.128E+01  0.339E+00  0.850E+00
  0.115E+00  0.143E+01  0.218E+00  0.133E+01  0.328E+00  0.121E+01
  0.109E+00  0.837E+00  0.208E+00  0.154E+01  0.317E+00  0.179E+01
  0.102E+00  0.183E+01  0.198E+00  0.185E+01  0.305E+00  0.181E+01
  0.959E-01  0.147E+01  0.188E+00  0.220E+01  0.294E+00  0.251E+01
  0.895E-01  0.171E+01  0.178E+00  0.254E+01  0.283E+00  0.217E+01
  0.831E-01  0.167E+01  0.169E+00  0.259E+01  0.272E+00  0.210E+01
  0.766E-01  0.104E+01  0.159E+00  0.246E+01  0.261E+00  0.331E+01
  0.702E-01  0.207E+01  0.149E+00  0.331E+01  0.249E+00  0.302E+01
  0.638E-01  0.203E+01  0.139E+00  0.320E+01  0.238E+00  0.322E+01
  0.573E-01  0.143E+01  0.129E+00  0.282E+01  0.227E+00  0.311E+01
  0.509E-01  0.227E+01  0.119E+00  0.356E+01  0.216E+00  0.434E+01
  0.445E-01  0.207E+01  0.110E+00  0.369E+01  0.205E+00  0.353E+01
  0.381E-01  0.295E+01  0.998E-01  0.349E+01  0.193E+00  0.405E+01
  0.316E-01  0.239E+01  0.900E-01  0.385E+01  0.182E+00  0.331E+01
  0.252E-01  0.355E+01  0.802E-01  0.362E+01  0.171E+00  0.474E+01
  0.188E-01  0.466E+01  0.704E-01  0.444E+01  0.160E+00  0.409E+01
  0.124E-01  0.152E+02  0.606E-01  0.380E+01  0.148E+00  0.313E+01
  0.593E-02  0.390E+02  0.508E-01  0.469E+01  0.137E+00  0.423E+01
  -.496E-03  0.540E+02  0.410E-01  0.395E+01  0.126E+00  0.389E+01
  -.692E-02  0.526E+01  0.312E-01  0.521E+01  0.115E+00  0.313E+01
  -.133E-01  0.000E+00  0.214E-01  0.569E+01  0.104E+00  0.329E+01
  -.198E-01  0.000E+00  0.116E-01  0.103E+02  0.925E-01  0.302E+01
  -.262E-01  0.000E+00  0.176E-02  0.122E+02  0.813E-01  0.271E+01
  -.326E-01  0.000E+00  -.804E-02  0.162E+01  0.701E-01  0.297E+01
  -.391E-01  0.000E+00  -.179E-01  0.000E+00  0.589E-01  0.224E+01
  -.455E-01  0.000E+00  -.277E-01  0.000E+00  0.477E-01  0.186E+01
  -.519E-01  0.000E+00  -.375E-01  0.000E+00  0.364E-01  0.157E+01
  -.583E-01  0.000E+00  -.473E-01  0.000E+00  0.253E-01  0.179E+01
  -.648E-01  0.000E+00  -.571E-01  0.000E+00  0.141E-01  0.154E+01
  -.712E-01  0.000E+00  -.669E-01  0.000E+00  0.285E-02  0.101E+01
  -.776E-01  0.000E+00  -.767E-01  0.000E+00  -.836E-02  0.000E+00
  -.841E-01  0.000E+00  -.865E-01  0.000E+00  -.196E-01  0.000E+00
  -.905E-01  0.000E+00  -.963E-01  0.000E+00  -.308E-01  0.000E+00
  -.969E-01  0.000E+00  -.106E+00  0.000E+00  -.420E-01  0.000E+00
  -.103E+00  0.000E+00  -.116E+00  0.000E+00  -.532E-01  0.000E+00
  -.110E+00  0.000E+00  -.126E+00  0.000E+00  -.644E-01  0.000E+00
  -.116E+00  0.000E+00  -.135E+00  0.000E+00  -.756E-01  0.000E+00
  -.123E+00  0.000E+00  -.145E+00  0.000E+00  -.868E-01  0.000E+00
  -.129E+00  0.000E+00  -.155E+00  0.000E+00  -.980E-01  0.000E+00
