C FILENAME: P15F8.PDF
CC Propane Jet in Coflowing Air Stream
CC PDF of Mixture Fraction Measured using Rayleigh
CC Axial Position, x/D=   15.00
CC Bulk Jet Velocity=53 m/s, Jet Reynolds No.=68168
CC Coflowing Air Velocity=9.5 m/s
CC                            
CC     y/D=   1.48           y/D=   1.78          y/D=   1.78
CC    f          P(f)       f        P(f)        f         P(f) 
  0.385E+00  0.233E+00  0.222E+00  0.448E+00  0.129E-01  0.000E+00
  0.374E+00  0.209E+00  0.214E+00  0.517E+00  0.124E-01  0.000E+00
  0.363E+00  0.256E+00  0.207E+00  0.551E+00  0.119E-01  0.000E+00
  0.352E+00  0.233E+00  0.200E+00  0.517E+00  0.114E-01  0.142E+02
  0.341E+00  0.349E+00  0.192E+00  0.517E+00  0.109E-01  0.000E+00
  0.331E+00  0.372E+00  0.185E+00  0.413E+00  0.103E-01  0.000E+00
  0.320E+00  0.512E+00  0.177E+00  0.930E+00  0.983E-02  0.299E+02
  0.309E+00  0.767E+00  0.170E+00  0.127E+01  0.932E-02  0.000E+00
  0.298E+00  0.977E+00  0.163E+00  0.117E+01  0.881E-02  0.000E+00
  0.287E+00  0.114E+01  0.155E+00  0.114E+01  0.830E-02  0.000E+00
  0.277E+00  0.133E+01  0.148E+00  0.117E+01  0.779E-02  0.716E+02
  0.266E+00  0.119E+01  0.140E+00  0.110E+01  0.728E-02  0.000E+00
  0.255E+00  0.188E+01  0.133E+00  0.155E+01  0.677E-02  0.000E+00
  0.244E+00  0.184E+01  0.126E+00  0.196E+01  0.625E-02  0.135E+03
  0.233E+00  0.237E+01  0.118E+00  0.220E+01  0.574E-02  0.000E+00
  0.223E+00  0.147E+01  0.111E+00  0.207E+01  0.523E-02  0.000E+00
  0.212E+00  0.291E+01  0.103E+00  0.303E+01  0.472E-02  0.000E+00
  0.201E+00  0.274E+01  0.959E-01  0.183E+01  0.421E-02  0.232E+03
  0.190E+00  0.233E+01  0.885E-01  0.269E+01  0.370E-02  0.000E+00
  0.179E+00  0.279E+01  0.811E-01  0.248E+01  0.319E-02  0.000E+00
  0.169E+00  0.286E+01  0.737E-01  0.272E+01  0.268E-02  0.000E+00
  0.158E+00  0.346E+01  0.662E-01  0.303E+01  0.216E-02  0.320E+03
  0.147E+00  0.326E+01  0.588E-01  0.241E+01  0.165E-02  0.000E+00
  0.136E+00  0.365E+01  0.514E-01  0.269E+01  0.114E-02  0.000E+00
  0.125E+00  0.358E+01  0.440E-01  0.376E+01  0.631E-03  0.375E+03
  0.115E+00  0.393E+01  0.366E-01  0.389E+01  0.120E-03  0.000E+00
  0.104E+00  0.398E+01  0.292E-01  0.434E+01  -.391E-03  0.000E+00
  0.930E-01  0.421E+01  0.217E-01  0.496E+01  -.902E-03  0.000E+00
  0.822E-01  0.391E+01  0.143E-01  0.882E+01  -.141E-02  0.229E+03
  0.714E-01  0.356E+01  0.691E-02  0.311E+02  -.192E-02  0.000E+00
  0.606E-01  0.372E+01  -.502E-03  0.355E+02  -.244E-02  0.000E+00
  0.498E-01  0.395E+01  -.792E-02  0.407E+01  -.295E-02  0.000E+00
  0.390E-01  0.386E+01  -.153E-01  0.000E+00  -.346E-02  0.295E+03
  0.282E-01  0.470E+01  -.227E-01  0.000E+00  -.397E-02  0.000E+00
  0.174E-01  0.951E+01  -.302E-01  0.000E+00  -.448E-02  0.000E+00
  0.659E-02  0.453E+01  -.376E-01  0.000E+00  -.499E-02  0.153E+03
  -.421E-02  0.233E-01  -.450E-01  0.000E+00  -.550E-02  0.000E+00
  -.150E-01  0.000E+00  -.524E-01  0.000E+00  -.601E-02  0.000E+00
  -.258E-01  0.000E+00  -.598E-01  0.000E+00  -.653E-02  0.000E+00
  -.366E-01  0.000E+00  -.672E-01  0.000E+00  -.704E-02  0.652E+02
  -.474E-01  0.000E+00  -.746E-01  0.000E+00  -.755E-02  0.000E+00
  -.582E-01  0.000E+00  -.821E-01  0.000E+00  -.806E-02  0.000E+00
  -.690E-01  0.000E+00  -.895E-01  0.000E+00  -.857E-02  0.000E+00
  -.798E-01  0.000E+00  -.969E-01  0.000E+00  -.908E-02  0.294E+02
  -.906E-01  0.000E+00  -.104E+00  0.000E+00  -.959E-02  0.000E+00
  -.101E+00  0.000E+00  -.112E+00  0.000E+00  -.101E-01  0.000E+00
  -.112E+00  0.000E+00  -.119E+00  0.000E+00  -.106E-01  0.637E+01
  -.123E+00  0.000E+00  -.127E+00  0.000E+00  -.111E-01  0.000E+00
  -.134E+00  0.000E+00  -.134E+00  0.000E+00  -.116E-01  0.000E+00
  -.145E+00  0.000E+00  -.141E+00  0.000E+00  -.121E-01  0.000E+00
