C FILENAME: P15F3.PDF
CC Propane Jet in Coflowing Air Stream
CC PDF of Mixture Fraction Measured using Rayleigh
CC Axial Position, x/D=   15.00
CC Bulk Jet Velocity=53 m/s, Jet Reynolds No.=68168
CC Coflowing Air Velocity=9.5 m/s
CC                            
CC     y/D=  -1.13           y/D=  -0.99          y/D=  -0.85
CC    f          P(f)       f        P(f)        f         P(f) 
  0.541E+00  0.821E-01  0.558E+00  0.106E+00  0.629E+00  0.415E-01
  0.528E+00  0.164E+00  0.546E+00  0.638E-01  0.617E+00  0.415E-01
  0.516E+00  0.144E+00  0.535E+00  0.106E+00  0.605E+00  0.415E-01
  0.504E+00  0.267E+00  0.523E+00  0.128E+00  0.593E+00  0.104E+00
  0.492E+00  0.185E+00  0.511E+00  0.170E+00  0.581E+00  0.831E-01
  0.480E+00  0.246E+00  0.499E+00  0.255E+00  0.569E+00  0.270E+00
  0.468E+00  0.493E+00  0.488E+00  0.447E+00  0.557E+00  0.249E+00
  0.455E+00  0.554E+00  0.476E+00  0.723E+00  0.545E+00  0.457E+00
  0.443E+00  0.883E+00  0.464E+00  0.596E+00  0.533E+00  0.395E+00
  0.431E+00  0.904E+00  0.452E+00  0.872E+00  0.520E+00  0.540E+00
  0.419E+00  0.109E+01  0.440E+00  0.136E+01  0.508E+00  0.118E+01
  0.407E+00  0.173E+01  0.429E+00  0.134E+01  0.496E+00  0.141E+01
  0.394E+00  0.152E+01  0.417E+00  0.164E+01  0.484E+00  0.135E+01
  0.382E+00  0.203E+01  0.405E+00  0.164E+01  0.472E+00  0.172E+01
  0.370E+00  0.234E+01  0.394E+00  0.198E+01  0.460E+00  0.206E+01
  0.358E+00  0.240E+01  0.382E+00  0.219E+01  0.448E+00  0.218E+01
  0.346E+00  0.263E+01  0.370E+00  0.287E+01  0.436E+00  0.249E+01
  0.333E+00  0.339E+01  0.358E+00  0.289E+01  0.424E+00  0.341E+01
  0.321E+00  0.289E+01  0.346E+00  0.349E+01  0.412E+00  0.301E+01
  0.309E+00  0.345E+01  0.335E+00  0.309E+01  0.400E+00  0.395E+01
  0.297E+00  0.363E+01  0.323E+00  0.411E+01  0.388E+00  0.339E+01
  0.285E+00  0.324E+01  0.311E+00  0.396E+01  0.376E+00  0.332E+01
  0.273E+00  0.359E+01  0.299E+00  0.330E+01  0.364E+00  0.349E+01
  0.260E+00  0.388E+01  0.288E+00  0.434E+01  0.352E+00  0.363E+01
  0.248E+00  0.355E+01  0.276E+00  0.404E+01  0.340E+00  0.451E+01
  0.236E+00  0.324E+01  0.264E+00  0.366E+01  0.327E+00  0.376E+01
  0.224E+00  0.345E+01  0.252E+00  0.393E+01  0.315E+00  0.339E+01
  0.212E+00  0.361E+01  0.241E+00  0.381E+01  0.303E+00  0.407E+01
  0.199E+00  0.279E+01  0.229E+00  0.406E+01  0.291E+00  0.299E+01
  0.187E+00  0.304E+01  0.217E+00  0.309E+01  0.279E+00  0.341E+01
  0.175E+00  0.283E+01  0.205E+00  0.330E+01  0.267E+00  0.251E+01
  0.163E+00  0.271E+01  0.194E+00  0.287E+01  0.255E+00  0.280E+01
  0.151E+00  0.257E+01  0.182E+00  0.213E+01  0.243E+00  0.299E+01
  0.139E+00  0.269E+01  0.170E+00  0.234E+01  0.231E+00  0.229E+01
  0.126E+00  0.218E+01  0.158E+00  0.189E+01  0.219E+00  0.202E+01
  0.114E+00  0.170E+01  0.147E+00  0.189E+01  0.207E+00  0.164E+01
  0.102E+00  0.152E+01  0.135E+00  0.183E+01  0.195E+00  0.170E+01
  0.897E-01  0.107E+01  0.123E+00  0.936E+00  0.183E+00  0.135E+01
  0.776E-01  0.105E+01  0.111E+00  0.872E+00  0.171E+00  0.976E+00
  0.654E-01  0.637E+00  0.996E-01  0.574E+00  0.159E+00  0.748E+00
  0.532E-01  0.390E+00  0.878E-01  0.596E+00  0.147E+00  0.602E+00
  0.410E-01  0.637E+00  0.761E-01  0.340E+00  0.135E+00  0.685E+00
  0.288E-01  0.390E+00  0.643E-01  0.319E+00  0.123E+00  0.478E+00
  0.167E-01  0.246E+00  0.526E-01  0.383E+00  0.111E+00  0.498E+00
  0.446E-02  0.205E-01  0.408E-01  0.170E+00  0.984E-01  0.166E+00
  -.772E-02  0.000E+00  0.291E-01  0.213E+00  0.864E-01  0.104E+00
  -.199E-01  0.000E+00  0.173E-01  0.149E+00  0.743E-01  0.104E+00
  -.321E-01  0.000E+00  0.555E-02  0.213E-01  0.623E-01  0.104E+00
  -.443E-01  0.000E+00  -.621E-02  0.000E+00  0.502E-01  0.166E+00
  -.565E-01  0.000E+00  -.180E-01  0.000E+00  0.382E-01  0.623E-01
