CC FILENAME: P15F1.PDF
CC Propane Jet in Coflowing Air Stream
CC PDF of Mixture Fraction Measured using Rayleigh
CC Axial Position, x/D=   15.00
CC Bulk Jet Velocity=53 m/s, Jet Reynolds No.=68168
CC Coflowing Air Velocity=9.5 m/s
CC                            
CC     y/D=  -2.73           y/D=  -2.46          y/D=  -2.17
CC    f          P(f)       f        P(f)        f         P(f) 
  0.134E-01  0.000E+00  0.236E-01  0.000E+00  0.708E-01  0.764E+00
  0.128E-01  0.000E+00  0.226E-01  0.521E+00  0.681E-01  0.286E+00
  0.123E-01  0.404E+01  0.217E-01  0.000E+00  0.654E-01  0.764E+00
  0.117E-01  0.000E+00  0.207E-01  0.000E+00  0.626E-01  0.286E+00
  0.112E-01  0.000E+00  0.198E-01  0.000E+00  0.599E-01  0.955E+00
  0.106E-01  0.148E+02  0.188E-01  0.261E+00  0.572E-01  0.286E+00
  0.100E-01  0.000E+00  0.178E-01  0.000E+00  0.545E-01  0.382E+00
  0.949E-02  0.000E+00  0.169E-01  0.261E+00  0.518E-01  0.191E+00
  0.894E-02  0.323E+02  0.159E-01  0.000E+00  0.490E-01  0.955E+00
  0.838E-02  0.000E+00  0.149E-01  0.156E+01  0.463E-01  0.286E+00
  0.782E-02  0.000E+00  0.140E-01  0.000E+00  0.436E-01  0.955E+00
  0.726E-02  0.768E+02  0.130E-01  0.130E+01  0.409E-01  0.000E+00
  0.671E-02  0.000E+00  0.120E-01  0.287E+01  0.381E-01  0.115E+01
  0.615E-02  0.000E+00  0.111E-01  0.000E+00  0.354E-01  0.382E+00
  0.559E-02  0.000E+00  0.101E-01  0.138E+02  0.327E-01  0.115E+01
  0.503E-02  0.141E+03  0.913E-02  0.000E+00  0.300E-01  0.859E+00
  0.448E-02  0.000E+00  0.816E-02  0.297E+02  0.272E-01  0.201E+01
  0.392E-02  0.000E+00  0.720E-02  0.000E+00  0.245E-01  0.573E+00
  0.336E-02  0.221E+03  0.623E-02  0.665E+02  0.218E-01  0.955E+00
  0.280E-02  0.000E+00  0.526E-02  0.000E+00  0.191E-01  0.859E+00
  0.225E-02  0.000E+00  0.430E-02  0.113E+03  0.164E-01  0.172E+01
  0.169E-02  0.295E+03  0.333E-02  0.000E+00  0.137E-01  0.191E+01
  0.113E-02  0.000E+00  0.237E-02  0.170E+03  0.109E-01  0.120E+02
  0.574E-03  0.000E+00  0.140E-02  0.000E+00  0.821E-02  0.169E+02
  0.168E-04  0.317E+03  0.434E-03  0.181E+03  0.548E-02  0.791E+02
  -.541E-03  0.000E+00  -.531E-03  0.000E+00  0.276E-02  0.623E+02
  -.110E-02  0.000E+00  -.150E-02  0.138E+03  0.411E-04  0.586E+02
  -.166E-02  0.000E+00  -.246E-02  0.000E+00  -.268E-02  0.866E+02
  -.221E-02  0.300E+03  -.343E-02  0.168E+03  -.540E-02  0.217E+02
  -.277E-02  0.000E+00  -.440E-02  0.000E+00  -.812E-02  0.113E+02
  -.333E-02  0.000E+00  -.536E-02  0.866E+02  -.108E-01  0.124E+01
  -.389E-02  0.183E+03  -.633E-02  0.000E+00  -.136E-01  0.191E+00
  -.444E-02  0.000E+00  -.729E-02  0.386E+02  -.163E-01  0.000E+00
  -.500E-02  0.000E+00  -.826E-02  0.000E+00  -.190E-01  0.000E+00
  -.556E-02  0.925E+02  -.922E-02  0.185E+02  -.217E-01  0.000E+00
  -.612E-02  0.000E+00  -.102E-01  0.000E+00  -.245E-01  0.000E+00
  -.667E-02  0.000E+00  -.112E-01  0.417E+01  -.272E-01  0.000E+00
  -.723E-02  0.840E+02  -.121E-01  0.000E+00  -.299E-01  0.000E+00
  -.779E-02  0.000E+00  -.131E-01  0.104E+01  -.326E-01  0.000E+00
  -.835E-02  0.000E+00  -.141E-01  0.000E+00  -.353E-01  0.000E+00
  -.890E-02  0.000E+00  -.150E-01  0.261E+00  -.381E-01  0.000E+00
  -.946E-02  0.243E+02  -.160E-01  0.000E+00  -.408E-01  0.000E+00
  -.100E-01  0.000E+00  -.170E-01  0.000E+00  -.435E-01  0.000E+00
  -.106E-01  0.000E+00  -.179E-01  0.000E+00  -.462E-01  0.000E+00
  -.111E-01  0.539E+01  -.189E-01  0.000E+00  -.489E-01  0.000E+00
  -.117E-01  0.000E+00  -.199E-01  0.000E+00  -.517E-01  0.000E+00
  -.122E-01  0.000E+00  -.208E-01  0.000E+00  -.544E-01  0.000E+00
  -.128E-01  0.224E+01  -.218E-01  0.000E+00  -.571E-01  0.000E+00
  -.134E-01  0.000E+00  -.227E-01  0.000E+00  -.598E-01  0.000E+00
  -.139E-01  0.000E+00  -.237E-01  0.000E+00  -.626E-01  0.000E+00
