C FILENAME: P15F9.PDF
CC Propane Jet in Coflowing Air Stream
CC PDF of Mixture Fraction Measured using Rayleigh
CC Axial Position, x/D=   15.00
CC Bulk Jet Velocity=53 m/s, Jet Reynolds No.=68168
CC Coflowing Air Velocity=9.5 m/s
CC                            
CC     y/D=   1.78           y/D=   0.00          y/D=   0.00
CC    f          P(f)       f        P(f)        f         P(f) 
  0.129E-01  0.000E+00  0.000E+00  0.000E+00  0.000E+00  0.000E+00
  0.124E-01  0.000E+00  0.000E+00  0.000E+00  0.000E+00  0.000E+00
  0.119E-01  0.000E+00  0.000E+00  0.000E+00  0.000E+00  0.000E+00
  0.114E-01  0.115E+02  0.000E+00  0.000E+00  0.000E+00  0.000E+00
  0.109E-01  0.000E+00  0.000E+00  0.000E+00  0.000E+00  0.000E+00
  0.104E-01  0.000E+00  0.000E+00  0.000E+00  0.000E+00  0.000E+00
  0.990E-02  0.396E+02  0.000E+00  0.000E+00  0.000E+00  0.000E+00
  0.940E-02  0.000E+00  0.000E+00  0.000E+00  0.000E+00  0.000E+00
  0.890E-02  0.000E+00  0.000E+00  0.000E+00  0.000E+00  0.000E+00
  0.840E-02  0.000E+00  0.000E+00  0.000E+00  0.000E+00  0.000E+00
  0.790E-02  0.812E+02  0.000E+00  0.000E+00  0.000E+00  0.000E+00
  0.740E-02  0.000E+00  0.000E+00  0.000E+00  0.000E+00  0.000E+00
  0.690E-02  0.000E+00  0.000E+00  0.000E+00  0.000E+00  0.000E+00
  0.640E-02  0.000E+00  0.000E+00  0.000E+00  0.000E+00  0.000E+00
  0.590E-02  0.158E+03  0.000E+00  0.000E+00  0.000E+00  0.000E+00
  0.540E-02  0.000E+00  0.000E+00  0.000E+00  0.000E+00  0.000E+00
  0.490E-02  0.000E+00  0.000E+00  0.000E+00  0.000E+00  0.000E+00
  0.440E-02  0.000E+00  0.000E+00  0.000E+00  0.000E+00  0.000E+00
  0.390E-02  0.258E+03  0.000E+00  0.000E+00  0.000E+00  0.000E+00
  0.340E-02  0.000E+00  0.000E+00  0.000E+00  0.000E+00  0.000E+00
  0.290E-02  0.000E+00  0.000E+00  0.000E+00  0.000E+00  0.000E+00
  0.240E-02  0.340E+03  0.000E+00  0.000E+00  0.000E+00  0.000E+00
  0.190E-02  0.000E+00  0.000E+00  0.000E+00  0.000E+00  0.000E+00
  0.140E-02  0.000E+00  0.000E+00  0.000E+00  0.000E+00  0.000E+00
  0.898E-03  0.000E+00  0.000E+00  0.000E+00  0.000E+00  0.000E+00
  0.398E-03  0.333E+03  0.000E+00  0.000E+00  0.000E+00  0.000E+00
  -.102E-03  0.000E+00  0.000E+00  0.000E+00  0.000E+00  0.000E+00
  -.602E-03  0.000E+00  0.000E+00  0.000E+00  0.000E+00  0.000E+00
  -.110E-02  0.000E+00  0.000E+00  0.000E+00  0.000E+00  0.000E+00
  -.160E-02  0.254E+03  0.000E+00  0.000E+00  0.000E+00  0.000E+00
  -.210E-02  0.000E+00  0.000E+00  0.000E+00  0.000E+00  0.000E+00
  -.260E-02  0.000E+00  0.000E+00  0.000E+00  0.000E+00  0.000E+00
  -.310E-02  0.291E+03  0.000E+00  0.000E+00  0.000E+00  0.000E+00
  -.360E-02  0.000E+00  0.000E+00  0.000E+00  0.000E+00  0.000E+00
  -.410E-02  0.000E+00  0.000E+00  0.000E+00  0.000E+00  0.000E+00
  -.460E-02  0.000E+00  0.000E+00  0.000E+00  0.000E+00  0.000E+00
  -.510E-02  0.141E+03  0.000E+00  0.000E+00  0.000E+00  0.000E+00
  -.561E-02  0.000E+00  0.000E+00  0.000E+00  0.000E+00  0.000E+00
  -.611E-02  0.000E+00  0.000E+00  0.000E+00  0.000E+00  0.000E+00
  -.661E-02  0.000E+00  0.000E+00  0.000E+00  0.000E+00  0.000E+00
  -.711E-02  0.676E+02  0.000E+00  0.000E+00  0.000E+00  0.000E+00
  -.761E-02  0.000E+00  0.000E+00  0.000E+00  0.000E+00  0.000E+00
  -.811E-02  0.000E+00  0.000E+00  0.000E+00  0.000E+00  0.000E+00
  -.861E-02  0.000E+00  0.000E+00  0.000E+00  0.000E+00  0.000E+00
  -.911E-02  0.200E+02  0.000E+00  0.000E+00  0.000E+00  0.000E+00
  -.961E-02  0.000E+00  0.000E+00  0.000E+00  0.000E+00  0.000E+00
  -.101E-01  0.000E+00  0.000E+00  0.000E+00  0.000E+00  0.000E+00
  -.106E-01  0.000E+00  0.000E+00  0.000E+00  0.000E+00  0.000E+00
  -.111E-01  0.551E+01  0.000E+00  0.000E+00  0.000E+00  0.000E+00
  -.116E-01  0.000E+00  0.000E+00  0.000E+00  0.000E+00  0.000E+00
