C FILENAME: P15F4.PDF
CC Propane Jet in Coflowing Air Stream
CC PDF of Mixture Fraction Measured using Rayleigh
CC Axial Position, x/D=   15.00
CC Bulk Jet Velocity=53 m/s, Jet Reynolds No.=68168
CC Coflowing Air Velocity=9.5 m/s
CC                            
CC     y/D=  -0.70           y/D=  -0.55          y/D=  -0.42
CC    f          P(f)       f        P(f)        f         P(f) 
  0.654E+00  0.000E+00  0.707E+00  0.679E-01  0.714E+00  0.000E+00
  0.643E+00  0.219E-01  0.696E+00  0.226E-01  0.704E+00  0.246E-01
  0.631E+00  0.437E-01  0.684E+00  0.113E+00  0.694E+00  0.000E+00
  0.620E+00  0.219E-01  0.673E+00  0.453E-01  0.684E+00  0.000E+00
  0.608E+00  0.131E+00  0.662E+00  0.136E+00  0.674E+00  0.492E-01
  0.597E+00  0.284E+00  0.651E+00  0.181E+00  0.663E+00  0.148E+00
  0.585E+00  0.219E+00  0.640E+00  0.204E+00  0.653E+00  0.222E+00
  0.574E+00  0.459E+00  0.629E+00  0.521E+00  0.643E+00  0.517E+00
  0.563E+00  0.678E+00  0.618E+00  0.521E+00  0.633E+00  0.443E+00
  0.551E+00  0.809E+00  0.607E+00  0.837E+00  0.623E+00  0.862E+00
  0.540E+00  0.136E+01  0.596E+00  0.127E+01  0.613E+00  0.960E+00
  0.528E+00  0.120E+01  0.585E+00  0.125E+01  0.602E+00  0.106E+01
  0.517E+00  0.203E+01  0.574E+00  0.156E+01  0.592E+00  0.160E+01
  0.505E+00  0.232E+01  0.563E+00  0.231E+01  0.582E+00  0.234E+01
  0.494E+00  0.276E+01  0.552E+00  0.265E+01  0.572E+00  0.298E+01
  0.482E+00  0.245E+01  0.541E+00  0.324E+01  0.562E+00  0.286E+01
  0.471E+00  0.359E+01  0.530E+00  0.358E+01  0.551E+00  0.411E+01
  0.460E+00  0.332E+01  0.518E+00  0.315E+01  0.541E+00  0.387E+01
  0.448E+00  0.335E+01  0.507E+00  0.355E+01  0.531E+00  0.406E+01
  0.437E+00  0.389E+01  0.496E+00  0.421E+01  0.521E+00  0.372E+01
  0.425E+00  0.367E+01  0.485E+00  0.421E+01  0.511E+00  0.465E+01
  0.414E+00  0.402E+01  0.474E+00  0.489E+01  0.501E+00  0.512E+01
  0.402E+00  0.455E+01  0.463E+00  0.450E+01  0.490E+00  0.507E+01
  0.391E+00  0.376E+01  0.452E+00  0.434E+01  0.480E+00  0.510E+01
  0.379E+00  0.424E+01  0.441E+00  0.401E+01  0.470E+00  0.436E+01
  0.368E+00  0.435E+01  0.430E+00  0.414E+01  0.460E+00  0.470E+01
  0.356E+00  0.378E+01  0.419E+00  0.439E+01  0.450E+00  0.436E+01
  0.345E+00  0.326E+01  0.408E+00  0.235E+01  0.440E+00  0.369E+01
  0.334E+00  0.287E+01  0.397E+00  0.339E+01  0.429E+00  0.396E+01
  0.322E+00  0.306E+01  0.386E+00  0.330E+01  0.419E+00  0.298E+01
  0.311E+00  0.311E+01  0.375E+00  0.265E+01  0.409E+00  0.286E+01
  0.299E+00  0.269E+01  0.363E+00  0.224E+01  0.399E+00  0.345E+01
  0.288E+00  0.247E+01  0.352E+00  0.192E+01  0.389E+00  0.244E+01
  0.276E+00  0.216E+01  0.341E+00  0.260E+01  0.378E+00  0.214E+01
  0.265E+00  0.173E+01  0.330E+00  0.240E+01  0.368E+00  0.185E+01
  0.253E+00  0.177E+01  0.319E+00  0.158E+01  0.358E+00  0.214E+01
  0.242E+00  0.127E+01  0.308E+00  0.120E+01  0.348E+00  0.165E+01
  0.230E+00  0.116E+01  0.297E+00  0.145E+01  0.338E+00  0.140E+01
  0.219E+00  0.984E+00  0.286E+00  0.109E+01  0.327E+00  0.138E+01
  0.208E+00  0.744E+00  0.275E+00  0.701E+00  0.317E+00  0.714E+00
  0.196E+00  0.744E+00  0.264E+00  0.679E+00  0.307E+00  0.763E+00
  0.185E+00  0.612E+00  0.253E+00  0.566E+00  0.297E+00  0.542E+00
  0.173E+00  0.284E+00  0.242E+00  0.588E+00  0.287E+00  0.960E+00
  0.162E+00  0.241E+00  0.231E+00  0.588E+00  0.277E+00  0.689E+00
  0.150E+00  0.175E+00  0.220E+00  0.407E+00  0.266E+00  0.296E+00
  0.139E+00  0.175E+00  0.208E+00  0.136E+00  0.256E+00  0.345E+00
  0.127E+00  0.306E+00  0.197E+00  0.181E+00  0.246E+00  0.222E+00
  0.116E+00  0.131E+00  0.186E+00  0.181E+00  0.236E+00  0.246E+00
  0.105E+00  0.656E-01  0.175E+00  0.158E+00  0.226E+00  0.197E+00
  0.931E-01  0.219E-01  0.164E+00  0.905E-01  0.215E+00  0.123E+00
