C FILENAME: P15F5.PDF
CC Propane Jet in Coflowing Air Stream
CC PDF of Mixture Fraction Measured using Rayleigh
CC Axial Position, x/D=   15.00
CC Bulk Jet Velocity=53 m/s, Jet Reynolds No.=68168
CC Coflowing Air Velocity=9.5 m/s
CC                            
CC     y/D=  -0.26           y/D=  -0.11          y/D=   0.04
CC    f          P(f)       f        P(f)        f         P(f) 
  0.721E+00  0.000E+00  0.749E+00  0.000E+00  0.725E+00  0.000E+00
  0.712E+00  0.538E-01  0.740E+00  0.282E-01  0.716E+00  0.585E-01
  0.703E+00  0.269E-01  0.732E+00  0.000E+00  0.707E+00  0.000E+00
  0.693E+00  0.538E-01  0.723E+00  0.282E-01  0.699E+00  0.877E-01
  0.684E+00  0.161E+00  0.714E+00  0.564E-01  0.690E+00  0.585E-01
  0.675E+00  0.000E+00  0.705E+00  0.141E+00  0.682E+00  0.146E+00
  0.665E+00  0.430E+00  0.696E+00  0.282E+00  0.673E+00  0.146E+00
  0.656E+00  0.430E+00  0.687E+00  0.535E+00  0.664E+00  0.497E+00
  0.647E+00  0.484E+00  0.678E+00  0.620E+00  0.656E+00  0.439E+00
  0.637E+00  0.915E+00  0.669E+00  0.789E+00  0.647E+00  0.556E+00
  0.628E+00  0.132E+01  0.660E+00  0.124E+01  0.639E+00  0.117E+01
  0.619E+00  0.172E+01  0.651E+00  0.110E+01  0.630E+00  0.173E+01
  0.609E+00  0.199E+01  0.642E+00  0.180E+01  0.622E+00  0.275E+01
  0.600E+00  0.234E+01  0.633E+00  0.166E+01  0.613E+00  0.199E+01
  0.591E+00  0.323E+01  0.625E+00  0.276E+01  0.604E+00  0.371E+01
  0.581E+00  0.334E+01  0.616E+00  0.355E+01  0.596E+00  0.322E+01
  0.572E+00  0.463E+01  0.607E+00  0.355E+01  0.587E+00  0.430E+01
  0.563E+00  0.447E+01  0.598E+00  0.471E+01  0.579E+00  0.407E+01
  0.553E+00  0.565E+01  0.589E+00  0.474E+01  0.570E+00  0.445E+01
  0.544E+00  0.425E+01  0.580E+00  0.513E+01  0.562E+00  0.576E+01
  0.535E+00  0.619E+01  0.571E+00  0.530E+01  0.553E+00  0.626E+01
  0.525E+00  0.500E+01  0.562E+00  0.516E+01  0.544E+00  0.561E+01
  0.516E+00  0.487E+01  0.553E+00  0.544E+01  0.536E+00  0.620E+01
  0.507E+00  0.498E+01  0.544E+00  0.538E+01  0.527E+00  0.550E+01
  0.497E+00  0.503E+01  0.535E+00  0.598E+01  0.518E+00  0.570E+01
  0.488E+00  0.511E+01  0.527E+00  0.550E+01  0.510E+00  0.550E+01
  0.479E+00  0.428E+01  0.518E+00  0.488E+01  0.501E+00  0.483E+01
  0.469E+00  0.479E+01  0.509E+00  0.454E+01  0.493E+00  0.447E+01
  0.460E+00  0.393E+01  0.500E+00  0.471E+01  0.484E+00  0.561E+01
  0.451E+00  0.339E+01  0.491E+00  0.428E+01  0.476E+00  0.377E+01
  0.441E+00  0.312E+01  0.482E+00  0.364E+01  0.467E+00  0.392E+01
  0.432E+00  0.328E+01  0.473E+00  0.327E+01  0.458E+00  0.351E+01
  0.423E+00  0.288E+01  0.464E+00  0.358E+01  0.450E+00  0.313E+01
  0.413E+00  0.226E+01  0.455E+00  0.262E+01  0.441E+00  0.281E+01
  0.404E+00  0.199E+01  0.446E+00  0.220E+01  0.433E+00  0.196E+01
  0.395E+00  0.178E+01  0.437E+00  0.206E+01  0.424E+00  0.243E+01
  0.385E+00  0.172E+01  0.428E+00  0.186E+01  0.415E+00  0.181E+01
  0.376E+00  0.102E+01  0.420E+00  0.144E+01  0.407E+00  0.126E+01
  0.367E+00  0.915E+00  0.411E+00  0.158E+01  0.398E+00  0.120E+01
  0.357E+00  0.753E+00  0.402E+00  0.124E+01  0.390E+00  0.936E+00
  0.348E+00  0.780E+00  0.393E+00  0.101E+01  0.381E+00  0.760E+00
  0.339E+00  0.511E+00  0.384E+00  0.874E+00  0.373E+00  0.120E+01
  0.329E+00  0.942E+00  0.375E+00  0.705E+00  0.364E+00  0.556E+00
  0.320E+00  0.673E+00  0.366E+00  0.395E+00  0.355E+00  0.234E+00
  0.311E+00  0.430E+00  0.357E+00  0.366E+00  0.347E+00  0.468E+00
  0.301E+00  0.377E+00  0.348E+00  0.366E+00  0.338E+00  0.410E+00
  0.292E+00  0.215E+00  0.339E+00  0.310E+00  0.330E+00  0.410E+00
  0.283E+00  0.161E+00  0.331E+00  0.338E+00  0.321E+00  0.643E+00
  0.273E+00  0.269E+00  0.322E+00  0.197E+00  0.313E+00  0.205E+00
  0.264E+00  0.807E-01  0.313E+00  0.254E+00  0.304E+00  0.585E-01
