C FILENAME: P30F8.PDF
CC Propane Jet in Coflowing Air Stream
CC PDF of Mixture Fraction Measured using Rayleigh
CC Axial Position, x/D=   30.00
CC Bulk Jet Velocity=53 m/s, Jet Reynolds No.=68168
CC Coflowing Air Velocity=9.5 m/s
CC                            
CC     y/D=   1.41           y/D=   1.99          y/D=   2.58
CC    f          P(f)       f        P(f)        f         P(f) 
  0.342E+00  0.000E+00  0.287E+00  0.205E+00  0.211E+00  0.270E+00
  0.335E+00  0.691E-01  0.280E+00  0.684E-01  0.204E+00  0.309E+00
  0.328E+00  0.104E+00  0.273E+00  0.273E+00  0.198E+00  0.348E+00
  0.320E+00  0.104E+00  0.265E+00  0.273E+00  0.191E+00  0.425E+00
  0.313E+00  0.276E+00  0.258E+00  0.444E+00  0.185E+00  0.734E+00
  0.306E+00  0.380E+00  0.250E+00  0.615E+00  0.178E+00  0.772E+00
  0.299E+00  0.622E+00  0.243E+00  0.581E+00  0.172E+00  0.112E+01
  0.292E+00  0.553E+00  0.236E+00  0.106E+01  0.165E+00  0.170E+01
  0.284E+00  0.898E+00  0.228E+00  0.126E+01  0.159E+00  0.112E+01
  0.277E+00  0.128E+01  0.221E+00  0.147E+01  0.152E+00  0.212E+01
  0.270E+00  0.142E+01  0.214E+00  0.191E+01  0.146E+00  0.255E+01
  0.263E+00  0.259E+01  0.206E+00  0.212E+01  0.139E+00  0.216E+01
  0.255E+00  0.314E+01  0.199E+00  0.270E+01  0.133E+00  0.243E+01
  0.248E+00  0.263E+01  0.192E+00  0.243E+01  0.126E+00  0.297E+01
  0.241E+00  0.345E+01  0.184E+00  0.379E+01  0.120E+00  0.270E+01
  0.234E+00  0.446E+01  0.177E+00  0.349E+01  0.113E+00  0.363E+01
  0.227E+00  0.505E+01  0.170E+00  0.349E+01  0.107E+00  0.352E+01
  0.219E+00  0.567E+01  0.162E+00  0.519E+01  0.100E+00  0.502E+01
  0.212E+00  0.549E+01  0.155E+00  0.441E+01  0.937E-01  0.487E+01
  0.205E+00  0.674E+01  0.148E+00  0.605E+01  0.872E-01  0.545E+01
  0.198E+00  0.643E+01  0.140E+00  0.472E+01  0.807E-01  0.618E+01
  0.190E+00  0.508E+01  0.133E+00  0.656E+01  0.742E-01  0.545E+01
  0.183E+00  0.729E+01  0.126E+00  0.560E+01  0.677E-01  0.394E+01
  0.176E+00  0.574E+01  0.119E+00  0.656E+01  0.611E-01  0.583E+01
  0.169E+00  0.739E+01  0.111E+00  0.653E+01  0.546E-01  0.587E+01
  0.161E+00  0.522E+01  0.104E+00  0.543E+01  0.481E-01  0.545E+01
  0.154E+00  0.580E+01  0.965E-01  0.707E+01  0.416E-01  0.382E+01
  0.147E+00  0.494E+01  0.892E-01  0.465E+01  0.351E-01  0.549E+01
  0.140E+00  0.650E+01  0.819E-01  0.513E+01  0.286E-01  0.614E+01
  0.132E+00  0.449E+01  0.745E-01  0.543E+01  0.221E-01  0.452E+01
  0.125E+00  0.453E+01  0.672E-01  0.390E+01  0.156E-01  0.564E+01
  0.118E+00  0.460E+01  0.599E-01  0.386E+01  0.906E-02  0.873E+01
  0.111E+00  0.370E+01  0.525E-01  0.386E+01  0.255E-02  0.141E+02
  0.104E+00  0.252E+01  0.452E-01  0.338E+01  -.397E-02  0.232E+02
  0.962E-01  0.449E+01  0.379E-01  0.427E+01  -.105E-01  0.491E+01
  0.890E-01  0.249E+01  0.305E-01  0.308E+01  -.170E-01  0.772E-01
  0.818E-01  0.218E+01  0.232E-01  0.297E+01  -.235E-01  0.000E+00
  0.745E-01  0.249E+01  0.159E-01  0.294E+01  -.300E-01  0.000E+00
  0.673E-01  0.166E+01  0.856E-02  0.332E+01  -.365E-01  0.000E+00
  0.601E-01  0.121E+01  0.123E-02  0.414E+01  -.430E-01  0.000E+00
  0.528E-01  0.933E+00  -.610E-02  0.120E+01  -.495E-01  0.000E+00
  0.456E-01  0.898E+00  -.134E-01  0.000E+00  -.561E-01  0.000E+00
  0.384E-01  0.587E+00  -.208E-01  0.000E+00  -.626E-01  0.000E+00
  0.311E-01  0.726E+00  -.281E-01  0.000E+00  -.691E-01  0.000E+00
  0.239E-01  0.415E+00  -.354E-01  0.000E+00  -.756E-01  0.000E+00
  0.167E-01  0.484E+00  -.428E-01  0.000E+00  -.821E-01  0.000E+00
  0.942E-02  0.380E+00  -.501E-01  0.000E+00  -.886E-01  0.000E+00
  0.218E-02  0.138E+00  -.574E-01  0.000E+00  -.951E-01  0.000E+00
  -.505E-02  0.000E+00  -.647E-01  0.000E+00  -.102E+00  0.000E+00
  -.123E-01  0.000E+00  -.721E-01  0.000E+00  -.108E+00  0.000E+00
