C FILENAME: P30F6.PDF
CC Propane Jet in Coflowing Air Stream
CC PDF of Mixture Fraction Measured using Rayleigh
CC Axial Position, x/D=   30.00
CC Bulk Jet Velocity=53 m/s, Jet Reynolds No.=68168
CC Coflowing Air Velocity=9.5 m/s
CC                            
CC     y/D=  -0.59           y/D=  -0.30          y/D=  -0.01
CC    f          P(f)       f        P(f)        f         P(f) 
  0.380E+00  0.776E-01  0.384E+00  0.000E+00  0.400E+00  0.000E+00
  0.373E+00  0.776E-01  0.378E+00  0.000E+00  0.394E+00  0.123E+00
  0.367E+00  0.000E+00  0.371E+00  0.000E+00  0.388E+00  0.123E+00
  0.360E+00  0.116E+00  0.365E+00  0.120E+00  0.382E+00  0.822E-01
  0.354E+00  0.388E-01  0.359E+00  0.280E+00  0.376E+00  0.123E+00
  0.347E+00  0.233E+00  0.352E+00  0.320E+00  0.370E+00  0.822E-01
  0.341E+00  0.349E+00  0.346E+00  0.200E+00  0.363E+00  0.493E+00
  0.334E+00  0.815E+00  0.340E+00  0.481E+00  0.357E+00  0.493E+00
  0.328E+00  0.815E+00  0.334E+00  0.921E+00  0.351E+00  0.111E+01
  0.321E+00  0.136E+01  0.327E+00  0.801E+00  0.345E+00  0.127E+01
  0.315E+00  0.190E+01  0.321E+00  0.180E+01  0.339E+00  0.136E+01
  0.308E+00  0.237E+01  0.315E+00  0.236E+01  0.333E+00  0.173E+01
  0.302E+00  0.221E+01  0.309E+00  0.228E+01  0.327E+00  0.354E+01
  0.296E+00  0.431E+01  0.302E+00  0.449E+01  0.321E+00  0.362E+01
  0.289E+00  0.299E+01  0.296E+00  0.404E+01  0.315E+00  0.378E+01
  0.283E+00  0.489E+01  0.290E+00  0.416E+01  0.308E+00  0.481E+01
  0.276E+00  0.757E+01  0.284E+00  0.569E+01  0.302E+00  0.555E+01
  0.270E+00  0.489E+01  0.277E+00  0.553E+01  0.296E+00  0.604E+01
  0.263E+00  0.559E+01  0.271E+00  0.597E+01  0.290E+00  0.773E+01
  0.257E+00  0.761E+01  0.265E+00  0.629E+01  0.284E+00  0.724E+01
  0.250E+00  0.710E+01  0.259E+00  0.757E+01  0.278E+00  0.711E+01
  0.244E+00  0.664E+01  0.252E+00  0.102E+02  0.272E+00  0.810E+01
  0.237E+00  0.958E+01  0.246E+00  0.753E+01  0.266E+00  0.107E+02
  0.231E+00  0.722E+01  0.240E+00  0.697E+01  0.260E+00  0.773E+01
  0.224E+00  0.776E+01  0.234E+00  0.845E+01  0.254E+00  0.818E+01
  0.218E+00  0.718E+01  0.227E+00  0.785E+01  0.248E+00  0.732E+01
  0.211E+00  0.632E+01  0.221E+00  0.717E+01  0.241E+00  0.682E+01
  0.205E+00  0.764E+01  0.215E+00  0.649E+01  0.235E+00  0.678E+01
  0.199E+00  0.551E+01  0.208E+00  0.665E+01  0.229E+00  0.670E+01
  0.192E+00  0.555E+01  0.202E+00  0.593E+01  0.223E+00  0.510E+01
  0.186E+00  0.485E+01  0.196E+00  0.557E+01  0.217E+00  0.534E+01
  0.179E+00  0.536E+01  0.190E+00  0.484E+01  0.211E+00  0.477E+01
  0.173E+00  0.380E+01  0.183E+00  0.501E+01  0.205E+00  0.456E+01
  0.166E+00  0.392E+01  0.177E+00  0.348E+01  0.199E+00  0.304E+01
  0.160E+00  0.291E+01  0.171E+00  0.340E+01  0.193E+00  0.329E+01
  0.153E+00  0.299E+01  0.165E+00  0.280E+01  0.187E+00  0.387E+01
  0.147E+00  0.210E+01  0.158E+00  0.196E+01  0.181E+00  0.284E+01
  0.140E+00  0.167E+01  0.152E+00  0.252E+01  0.174E+00  0.214E+01
  0.134E+00  0.186E+01  0.146E+00  0.208E+01  0.168E+00  0.202E+01
  0.127E+00  0.136E+01  0.140E+00  0.116E+01  0.162E+00  0.144E+01
  0.121E+00  0.737E+00  0.133E+00  0.136E+01  0.156E+00  0.132E+01
  0.114E+00  0.120E+01  0.127E+00  0.124E+01  0.150E+00  0.136E+01
  0.108E+00  0.543E+00  0.121E+00  0.881E+00  0.144E+00  0.781E+00
  0.101E+00  0.698E+00  0.115E+00  0.921E+00  0.138E+00  0.699E+00
  0.950E-01  0.582E+00  0.108E+00  0.320E+00  0.132E+00  0.699E+00
  0.886E-01  0.543E+00  0.102E+00  0.320E+00  0.126E+00  0.658E+00
  0.821E-01  0.310E+00  0.957E-01  0.360E+00  0.119E+00  0.576E+00
  0.756E-01  0.776E-01  0.895E-01  0.320E+00  0.113E+00  0.329E+00
  0.692E-01  0.194E+00  0.832E-01  0.400E+00  0.107E+00  0.206E+00
  0.627E-01  0.233E+00  0.769E-01  0.200E+00  0.101E+00  0.247E+00
