C FILENAME: P30F5.PDF
CC Propane Jet in Coflowing Air Stream
CC PDF of Mixture Fraction Measured using Rayleigh
CC Axial Position, x/D=   30.00
CC Bulk Jet Velocity=53 m/s, Jet Reynolds No.=68168
CC Coflowing Air Velocity=9.5 m/s
CC                            
CC     y/D=  -1.47           y/D=  -1.18          y/D=  -0.90
CC    f          P(f)       f        P(f)        f         P(f) 
  0.329E+00  0.000E+00  0.355E+00  0.352E-01  0.386E+00  0.358E-01
  0.321E+00  0.692E-01  0.348E+00  0.352E-01  0.379E+00  0.000E+00
  0.314E+00  0.104E+00  0.341E+00  0.141E+00  0.372E+00  0.108E+00
  0.307E+00  0.208E+00  0.334E+00  0.247E+00  0.365E+00  0.358E-01
  0.300E+00  0.312E+00  0.327E+00  0.247E+00  0.358E+00  0.108E+00
  0.292E+00  0.450E+00  0.320E+00  0.317E+00  0.351E+00  0.359E+00
  0.285E+00  0.485E+00  0.313E+00  0.493E+00  0.344E+00  0.538E+00
  0.278E+00  0.623E+00  0.305E+00  0.811E+00  0.337E+00  0.681E+00
  0.271E+00  0.104E+01  0.298E+00  0.916E+00  0.330E+00  0.825E+00
  0.264E+00  0.121E+01  0.291E+00  0.194E+01  0.323E+00  0.118E+01
  0.256E+00  0.190E+01  0.284E+00  0.208E+01  0.316E+00  0.165E+01
  0.249E+00  0.260E+01  0.277E+00  0.180E+01  0.309E+00  0.212E+01
  0.242E+00  0.305E+01  0.270E+00  0.271E+01  0.302E+00  0.262E+01
  0.235E+00  0.336E+01  0.263E+00  0.384E+01  0.295E+00  0.319E+01
  0.228E+00  0.291E+01  0.256E+00  0.388E+01  0.288E+00  0.466E+01
  0.220E+00  0.512E+01  0.249E+00  0.405E+01  0.281E+00  0.498E+01
  0.213E+00  0.481E+01  0.242E+00  0.529E+01  0.274E+00  0.488E+01
  0.206E+00  0.426E+01  0.234E+00  0.578E+01  0.267E+00  0.638E+01
  0.199E+00  0.571E+01  0.227E+00  0.539E+01  0.260E+00  0.574E+01
  0.191E+00  0.526E+01  0.220E+00  0.663E+01  0.253E+00  0.495E+01
  0.184E+00  0.706E+01  0.213E+00  0.687E+01  0.246E+00  0.706E+01
  0.177E+00  0.661E+01  0.206E+00  0.578E+01  0.239E+00  0.706E+01
  0.170E+00  0.505E+01  0.199E+00  0.638E+01  0.232E+00  0.516E+01
  0.162E+00  0.699E+01  0.192E+00  0.627E+01  0.225E+00  0.739E+01
  0.155E+00  0.554E+01  0.185E+00  0.705E+01  0.218E+00  0.581E+01
  0.148E+00  0.654E+01  0.178E+00  0.620E+01  0.211E+00  0.652E+01
  0.141E+00  0.630E+01  0.170E+00  0.670E+01  0.204E+00  0.530E+01
  0.134E+00  0.582E+01  0.163E+00  0.585E+01  0.197E+00  0.678E+01
  0.126E+00  0.509E+01  0.156E+00  0.514E+01  0.190E+00  0.502E+01
  0.119E+00  0.516E+01  0.149E+00  0.543E+01  0.183E+00  0.595E+01
  0.112E+00  0.488E+01  0.142E+00  0.352E+01  0.176E+00  0.437E+01
  0.105E+00  0.467E+01  0.135E+00  0.412E+01  0.169E+00  0.419E+01
  0.975E-01  0.350E+01  0.128E+00  0.384E+01  0.162E+00  0.459E+01
  0.903E-01  0.350E+01  0.121E+00  0.285E+01  0.155E+00  0.283E+01
  0.830E-01  0.398E+01  0.114E+00  0.292E+01  0.148E+00  0.258E+01
  0.758E-01  0.284E+01  0.106E+00  0.310E+01  0.141E+00  0.369E+01
  0.686E-01  0.190E+01  0.994E-01  0.204E+01  0.134E+00  0.212E+01
  0.614E-01  0.176E+01  0.923E-01  0.166E+01  0.127E+00  0.219E+01
  0.542E-01  0.159E+01  0.852E-01  0.169E+01  0.120E+00  0.179E+01
  0.469E-01  0.152E+01  0.781E-01  0.951E+00  0.113E+00  0.186E+01
  0.397E-01  0.121E+01  0.710E-01  0.134E+01  0.106E+00  0.151E+01
  0.325E-01  0.111E+01  0.639E-01  0.113E+01  0.992E-01  0.122E+01
  0.253E-01  0.623E+00  0.568E-01  0.493E+00  0.922E-01  0.645E+00
  0.180E-01  0.658E+00  0.497E-01  0.599E+00  0.852E-01  0.538E+00
  0.108E-01  0.554E+00  0.426E-01  0.775E+00  0.783E-01  0.609E+00
  0.360E-02  0.415E+00  0.355E-01  0.317E+00  0.713E-01  0.538E+00
  -.362E-02  0.104E+00  0.284E-01  0.282E+00  0.643E-01  0.251E+00
  -.109E-01  0.000E+00  0.213E-01  0.282E+00  0.573E-01  0.359E+00
  -.181E-01  0.000E+00  0.142E-01  0.247E+00  0.503E-01  0.143E+00
  -.253E-01  0.000E+00  0.709E-02  0.317E+00  0.433E-01  0.717E-01
