C FILENAME: P30F4.PDF
CC Propane Jet in Coflowing Air Stream
CC PDF of Mixture Fraction Measured using Rayleigh
CC Axial Position, x/D=   30.00
CC Bulk Jet Velocity=53 m/s, Jet Reynolds No.=68168
CC Coflowing Air Velocity=9.5 m/s
CC                            
CC     y/D=  -2.35           y/D=  -2.04          y/D=  -1.75
CC    f          P(f)       f        P(f)        f         P(f) 
  0.272E+00  0.132E+00  0.292E+00  0.656E-01  0.311E+00  0.000E+00
  0.264E+00  0.263E+00  0.284E+00  0.164E+00  0.304E+00  0.000E+00
  0.257E+00  0.296E+00  0.277E+00  0.328E+00  0.296E+00  0.332E-01
  0.249E+00  0.526E+00  0.269E+00  0.328E+00  0.289E+00  0.995E-01
  0.241E+00  0.624E+00  0.261E+00  0.623E+00  0.281E+00  0.299E+00
  0.234E+00  0.624E+00  0.254E+00  0.558E+00  0.273E+00  0.299E+00
  0.226E+00  0.953E+00  0.246E+00  0.984E+00  0.266E+00  0.597E+00
  0.218E+00  0.148E+01  0.238E+00  0.754E+00  0.258E+00  0.730E+00
  0.211E+00  0.128E+01  0.231E+00  0.886E+00  0.251E+00  0.106E+01
  0.203E+00  0.102E+01  0.223E+00  0.141E+01  0.243E+00  0.103E+01
  0.195E+00  0.154E+01  0.216E+00  0.197E+01  0.236E+00  0.143E+01
  0.188E+00  0.204E+01  0.208E+00  0.220E+01  0.228E+00  0.199E+01
  0.180E+00  0.237E+01  0.200E+00  0.249E+01  0.221E+00  0.219E+01
  0.172E+00  0.227E+01  0.193E+00  0.256E+01  0.213E+00  0.279E+01
  0.165E+00  0.269E+01  0.185E+00  0.312E+01  0.206E+00  0.318E+01
  0.157E+00  0.375E+01  0.177E+00  0.338E+01  0.198E+00  0.441E+01
  0.150E+00  0.394E+01  0.170E+00  0.377E+01  0.191E+00  0.441E+01
  0.142E+00  0.296E+01  0.162E+00  0.463E+01  0.183E+00  0.511E+01
  0.134E+00  0.453E+01  0.155E+00  0.584E+01  0.176E+00  0.498E+01
  0.127E+00  0.493E+01  0.147E+00  0.348E+01  0.168E+00  0.431E+01
  0.119E+00  0.414E+01  0.139E+00  0.571E+01  0.160E+00  0.531E+01
  0.111E+00  0.549E+01  0.132E+00  0.548E+01  0.153E+00  0.624E+01
  0.104E+00  0.427E+01  0.124E+00  0.495E+01  0.145E+00  0.474E+01
  0.962E-01  0.654E+01  0.116E+00  0.594E+01  0.138E+00  0.624E+01
  0.885E-01  0.421E+01  0.109E+00  0.597E+01  0.130E+00  0.541E+01
  0.809E-01  0.522E+01  0.101E+00  0.610E+01  0.123E+00  0.687E+01
  0.733E-01  0.457E+01  0.936E-01  0.561E+01  0.115E+00  0.650E+01
  0.656E-01  0.634E+01  0.859E-01  0.689E+01  0.108E+00  0.464E+01
  0.580E-01  0.506E+01  0.783E-01  0.456E+01  0.100E+00  0.614E+01
  0.504E-01  0.509E+01  0.707E-01  0.525E+01  0.926E-01  0.445E+01
  0.427E-01  0.463E+01  0.631E-01  0.364E+01  0.850E-01  0.474E+01
  0.351E-01  0.365E+01  0.554E-01  0.472E+01  0.775E-01  0.504E+01
  0.275E-01  0.552E+01  0.478E-01  0.328E+01  0.699E-01  0.395E+01
  0.198E-01  0.513E+01  0.402E-01  0.302E+01  0.624E-01  0.325E+01
  0.122E-01  0.858E+01  0.325E-01  0.387E+01  0.549E-01  0.289E+01
  0.455E-02  0.118E+02  0.249E-01  0.361E+01  0.473E-01  0.295E+01
  -.308E-02  0.250E+01  0.173E-01  0.315E+01  0.398E-01  0.352E+01
  -.107E-01  0.000E+00  0.964E-02  0.453E+01  0.323E-01  0.259E+01
  -.183E-01  0.000E+00  0.201E-02  0.426E+01  0.247E-01  0.176E+01
  -.260E-01  0.000E+00  -.561E-02  0.951E+00  0.172E-01  0.166E+01
  -.336E-01  0.000E+00  -.132E-01  0.656E-01  0.965E-02  0.202E+01
  -.413E-01  0.000E+00  -.209E-01  0.000E+00  0.212E-02  0.186E+01
  -.489E-01  0.000E+00  -.285E-01  0.000E+00  -.542E-02  0.962E+00
  -.565E-01  0.000E+00  -.361E-01  0.000E+00  -.130E-01  0.332E-01
  -.641E-01  0.000E+00  -.438E-01  0.000E+00  -.205E-01  0.000E+00
  -.718E-01  0.000E+00  -.514E-01  0.000E+00  -.280E-01  0.000E+00
  -.794E-01  0.000E+00  -.590E-01  0.000E+00  -.356E-01  0.000E+00
  -.871E-01  0.000E+00  -.667E-01  0.000E+00  -.431E-01  0.000E+00
  -.947E-01  0.000E+00  -.743E-01  0.000E+00  -.506E-01  0.000E+00
  -.102E+00  0.000E+00  -.819E-01  0.000E+00  -.582E-01  0.000E+00
