C FILENAME: P30F7.PDF
CC Propane Jet in Coflowing Air Stream
CC PDF of Mixture Fraction Measured using Rayleigh
CC Axial Position, x/D=   30.00
CC Bulk Jet Velocity=53 m/s, Jet Reynolds No.=68168
CC Coflowing Air Velocity=9.5 m/s
CC                            
CC     y/D=   0.26           y/D=   0.52          y/D=   0.81
CC    f          P(f)       f        P(f)        f         P(f) 
  0.381E+00  0.409E-01  0.395E+00  0.116E+00  0.367E+00  0.381E-01
  0.375E+00  0.409E-01  0.388E+00  0.775E-01  0.360E+00  0.762E-01
  0.369E+00  0.000E+00  0.382E+00  0.775E-01  0.354E+00  0.762E-01
  0.363E+00  0.123E+00  0.375E+00  0.116E+00  0.347E+00  0.381E-01
  0.357E+00  0.123E+00  0.369E+00  0.155E+00  0.341E+00  0.152E+00
  0.351E+00  0.205E+00  0.363E+00  0.349E+00  0.334E+00  0.267E+00
  0.345E+00  0.286E+00  0.356E+00  0.930E+00  0.327E+00  0.305E+00
  0.338E+00  0.695E+00  0.350E+00  0.930E+00  0.321E+00  0.647E+00
  0.332E+00  0.695E+00  0.343E+00  0.891E+00  0.314E+00  0.724E+00
  0.326E+00  0.139E+01  0.337E+00  0.151E+01  0.308E+00  0.122E+01
  0.320E+00  0.205E+01  0.330E+00  0.194E+01  0.301E+00  0.179E+01
  0.314E+00  0.188E+01  0.324E+00  0.275E+01  0.294E+00  0.179E+01
  0.308E+00  0.241E+01  0.317E+00  0.333E+01  0.288E+00  0.293E+01
  0.301E+00  0.241E+01  0.311E+00  0.287E+01  0.281E+00  0.335E+01
  0.295E+00  0.458E+01  0.304E+00  0.442E+01  0.275E+00  0.461E+01
  0.289E+00  0.507E+01  0.298E+00  0.465E+01  0.268E+00  0.343E+01
  0.283E+00  0.507E+01  0.291E+00  0.434E+01  0.262E+00  0.632E+01
  0.277E+00  0.564E+01  0.285E+00  0.678E+01  0.255E+00  0.628E+01
  0.271E+00  0.654E+01  0.278E+00  0.574E+01  0.248E+00  0.613E+01
  0.265E+00  0.683E+01  0.272E+00  0.798E+01  0.242E+00  0.720E+01
  0.259E+00  0.789E+01  0.265E+00  0.620E+01  0.235E+00  0.632E+01
  0.252E+00  0.920E+01  0.259E+00  0.698E+01  0.229E+00  0.735E+01
  0.246E+00  0.871E+01  0.252E+00  0.891E+01  0.222E+00  0.884E+01
  0.240E+00  0.900E+01  0.246E+00  0.725E+01  0.215E+00  0.655E+01
  0.234E+00  0.814E+01  0.240E+00  0.636E+01  0.209E+00  0.651E+01
  0.228E+00  0.797E+01  0.233E+00  0.632E+01  0.202E+00  0.640E+01
  0.222E+00  0.728E+01  0.227E+00  0.818E+01  0.196E+00  0.880E+01
  0.215E+00  0.609E+01  0.220E+00  0.643E+01  0.189E+00  0.628E+01
  0.209E+00  0.736E+01  0.214E+00  0.616E+01  0.183E+00  0.514E+01
  0.203E+00  0.609E+01  0.207E+00  0.515E+01  0.176E+00  0.457E+01
  0.197E+00  0.585E+01  0.201E+00  0.508E+01  0.169E+00  0.434E+01
  0.191E+00  0.356E+01  0.194E+00  0.415E+01  0.163E+00  0.442E+01
  0.185E+00  0.495E+01  0.188E+00  0.465E+01  0.156E+00  0.457E+01
  0.179E+00  0.409E+01  0.181E+00  0.357E+01  0.150E+00  0.343E+01
  0.172E+00  0.360E+01  0.175E+00  0.349E+01  0.143E+00  0.305E+01
  0.166E+00  0.290E+01  0.168E+00  0.248E+01  0.136E+00  0.286E+01
  0.160E+00  0.254E+01  0.162E+00  0.318E+01  0.130E+00  0.267E+01
  0.154E+00  0.205E+01  0.155E+00  0.225E+01  0.123E+00  0.221E+01
  0.148E+00  0.155E+01  0.149E+00  0.155E+01  0.117E+00  0.175E+01
  0.142E+00  0.155E+01  0.142E+00  0.155E+01  0.110E+00  0.171E+01
  0.135E+00  0.127E+01  0.136E+00  0.112E+01  0.104E+00  0.160E+01
  0.129E+00  0.160E+01  0.130E+00  0.698E+00  0.969E-01  0.103E+01
  0.123E+00  0.736E+00  0.123E+00  0.620E+00  0.903E-01  0.107E+01
  0.117E+00  0.106E+01  0.116E+00  0.543E+00  0.837E-01  0.647E+00
  0.111E+00  0.286E+00  0.110E+00  0.465E+00  0.771E-01  0.457E+00
  0.105E+00  0.368E+00  0.104E+00  0.310E+00  0.705E-01  0.609E+00
  0.987E-01  0.409E+00  0.971E-01  0.349E+00  0.639E-01  0.457E+00
  0.925E-01  0.205E+00  0.906E-01  0.194E+00  0.573E-01  0.267E+00
  0.864E-01  0.123E+00  0.841E-01  0.271E+00  0.507E-01  0.457E+00
  0.802E-01  0.164E+00  0.777E-01  0.775E-01  0.442E-01  0.762E-01
