C FILENAME: P30F3.PDF
CC Propane Jet in Coflowing Air Stream
CC PDF of Mixture Fraction Measured using Rayleigh
CC Axial Position, x/D=   30.00
CC Bulk Jet Velocity=53 m/s, Jet Reynolds No.=68168
CC Coflowing Air Velocity=9.5 m/s
CC                            
CC     y/D=  -3.22           y/D=  -2.92          y/D=  -2.63
CC    f          P(f)       f        P(f)        f         P(f) 
  0.114E+00  0.555E+00  0.159E+00  0.518E+00  0.221E+00  0.296E+00
  0.110E+00  0.924E+00  0.154E+00  0.104E+01  0.214E+00  0.296E+00
  0.106E+00  0.863E+00  0.148E+00  0.127E+01  0.207E+00  0.555E+00
  0.101E+00  0.129E+01  0.143E+00  0.847E+00  0.200E+00  0.702E+00
  0.973E-01  0.863E+00  0.137E+00  0.118E+01  0.193E+00  0.813E+00
  0.931E-01  0.216E+01  0.132E+00  0.165E+01  0.186E+00  0.592E+00
  0.889E-01  0.986E+00  0.127E+00  0.137E+01  0.180E+00  0.115E+01
  0.848E-01  0.142E+01  0.121E+00  0.122E+01  0.173E+00  0.148E+01
  0.806E-01  0.117E+01  0.116E+00  0.278E+01  0.166E+00  0.129E+01
  0.764E-01  0.924E+00  0.110E+00  0.231E+01  0.159E+00  0.185E+01
  0.723E-01  0.136E+01  0.105E+00  0.155E+01  0.153E+00  0.244E+01
  0.681E-01  0.117E+01  0.995E-01  0.240E+01  0.146E+00  0.248E+01
  0.640E-01  0.185E+01  0.941E-01  0.240E+01  0.139E+00  0.240E+01
  0.598E-01  0.117E+01  0.887E-01  0.381E+01  0.132E+00  0.274E+01
  0.556E-01  0.259E+01  0.833E-01  0.212E+01  0.125E+00  0.337E+01
  0.515E-01  0.111E+01  0.779E-01  0.273E+01  0.118E+00  0.322E+01
  0.473E-01  0.154E+01  0.724E-01  0.264E+01  0.112E+00  0.403E+01
  0.431E-01  0.240E+01  0.670E-01  0.330E+01  0.105E+00  0.529E+01
  0.390E-01  0.160E+01  0.616E-01  0.372E+01  0.980E-01  0.492E+01
  0.348E-01  0.117E+01  0.562E-01  0.508E+01  0.912E-01  0.484E+01
  0.306E-01  0.284E+01  0.508E-01  0.296E+01  0.844E-01  0.488E+01
  0.265E-01  0.179E+01  0.454E-01  0.287E+01  0.776E-01  0.466E+01
  0.223E-01  0.290E+01  0.400E-01  0.386E+01  0.708E-01  0.499E+01
  0.182E-01  0.203E+01  0.345E-01  0.461E+01  0.640E-01  0.410E+01
  0.140E-01  0.364E+01  0.291E-01  0.348E+01  0.572E-01  0.444E+01
  0.983E-02  0.102E+02  0.237E-01  0.381E+01  0.504E-01  0.447E+01
  0.567E-02  0.337E+02  0.183E-01  0.527E+01  0.436E-01  0.529E+01
  0.151E-02  0.585E+02  0.129E-01  0.598E+01  0.368E-01  0.492E+01
  -.266E-02  0.624E+02  0.747E-02  0.162E+02  0.300E-01  0.514E+01
  -.682E-02  0.324E+02  0.205E-02  0.472E+02  0.232E-01  0.529E+01
  -.110E-01  0.253E+01  -.336E-02  0.368E+02  0.164E-01  0.754E+01
  -.152E-01  0.616E-01  -.878E-02  0.730E+01  0.961E-02  0.107E+02
  -.193E-01  0.000E+00  -.142E-01  0.377E+00  0.281E-02  0.254E+02
  -.235E-01  0.000E+00  -.196E-01  0.000E+00  -.399E-02  0.102E+02
  -.276E-01  0.000E+00  -.250E-01  0.000E+00  -.108E-01  0.333E+00
  -.318E-01  0.000E+00  -.304E-01  0.000E+00  -.176E-01  0.000E+00
  -.360E-01  0.000E+00  -.358E-01  0.000E+00  -.244E-01  0.000E+00
  -.401E-01  0.000E+00  -.413E-01  0.000E+00  -.312E-01  0.000E+00
  -.443E-01  0.000E+00  -.467E-01  0.000E+00  -.380E-01  0.000E+00
  -.485E-01  0.000E+00  -.521E-01  0.000E+00  -.448E-01  0.000E+00
  -.526E-01  0.000E+00  -.575E-01  0.000E+00  -.516E-01  0.000E+00
  -.568E-01  0.000E+00  -.629E-01  0.000E+00  -.584E-01  0.000E+00
  -.609E-01  0.000E+00  -.684E-01  0.000E+00  -.652E-01  0.000E+00
  -.651E-01  0.000E+00  -.738E-01  0.000E+00  -.720E-01  0.000E+00
  -.693E-01  0.000E+00  -.792E-01  0.000E+00  -.788E-01  0.000E+00
  -.734E-01  0.000E+00  -.846E-01  0.000E+00  -.856E-01  0.000E+00
  -.776E-01  0.000E+00  -.900E-01  0.000E+00  -.924E-01  0.000E+00
  -.818E-01  0.000E+00  -.954E-01  0.000E+00  -.992E-01  0.000E+00
  -.859E-01  0.000E+00  -.101E+00  0.000E+00  -.106E+00  0.000E+00
  -.901E-01  0.000E+00  -.106E+00  0.000E+00  -.113E+00  0.000E+00
