C FILENAME: P30F1.PDF
CC Propane Jet in Coflowing Air Stream
CC PDF of Mixture Fraction Measured using Rayleigh
CC Axial Position, x/D=   30.00
CC Bulk Jet Velocity=53 m/s, Jet Reynolds No.=68168
CC Coflowing Air Velocity=9.5 m/s
CC                            
CC     y/D=  -5.00           y/D=  -4.72          y/D=  -4.41
CC    f          P(f)       f        P(f)        f         P(f) 
  0.137E-01  0.000E+00  0.141E-01  0.000E+00  0.164E-01  0.000E+00
  0.131E-01  0.696E+01  0.136E-01  0.000E+00  0.158E-01  0.000E+00
  0.126E-01  0.000E+00  0.130E-01  0.101E+02  0.152E-01  0.543E+01
  0.120E-01  0.000E+00  0.125E-01  0.000E+00  0.146E-01  0.000E+00
  0.115E-01  0.167E+02  0.119E-01  0.000E+00  0.140E-01  0.000E+00
  0.110E-01  0.000E+00  0.114E-01  0.242E+02  0.134E-01  0.669E+01
  0.104E-01  0.000E+00  0.108E-01  0.000E+00  0.128E-01  0.000E+00
  0.987E-02  0.394E+02  0.103E-01  0.000E+00  0.122E-01  0.000E+00
  0.933E-02  0.000E+00  0.974E-02  0.484E+02  0.116E-01  0.318E+02
  0.879E-02  0.000E+00  0.919E-02  0.000E+00  0.110E-01  0.000E+00
  0.825E-02  0.000E+00  0.864E-02  0.000E+00  0.104E-01  0.000E+00
  0.771E-02  0.761E+02  0.809E-02  0.111E+03  0.977E-02  0.673E+02
  0.717E-02  0.000E+00  0.754E-02  0.000E+00  0.917E-02  0.000E+00
  0.663E-02  0.000E+00  0.699E-02  0.000E+00  0.857E-02  0.000E+00
  0.609E-02  0.141E+03  0.645E-02  0.000E+00  0.797E-02  0.114E+03
  0.555E-02  0.000E+00  0.590E-02  0.182E+03  0.737E-02  0.000E+00
  0.501E-02  0.000E+00  0.535E-02  0.000E+00  0.677E-02  0.000E+00
  0.447E-02  0.232E+03  0.480E-02  0.000E+00  0.617E-02  0.179E+03
  0.393E-02  0.000E+00  0.425E-02  0.248E+03  0.557E-02  0.000E+00
  0.339E-02  0.000E+00  0.370E-02  0.000E+00  0.497E-02  0.000E+00
  0.285E-02  0.000E+00  0.315E-02  0.000E+00  0.437E-02  0.214E+03
  0.231E-02  0.286E+03  0.260E-02  0.291E+03  0.377E-02  0.000E+00
  0.177E-02  0.000E+00  0.205E-02  0.000E+00  0.317E-02  0.000E+00
  0.123E-02  0.000E+00  0.150E-02  0.000E+00  0.257E-02  0.232E+03
  0.685E-03  0.299E+03  0.951E-03  0.000E+00  0.197E-02  0.000E+00
  0.144E-03  0.000E+00  0.402E-03  0.299E+03  0.137E-02  0.000E+00
  -.396E-03  0.000E+00  -.148E-03  0.000E+00  0.772E-03  0.232E+03
  -.936E-03  0.281E+03  -.697E-03  0.000E+00  0.171E-03  0.000E+00
  -.148E-02  0.000E+00  -.125E-02  0.248E+03  -.429E-03  0.000E+00
  -.202E-02  0.000E+00  -.180E-02  0.000E+00  -.103E-02  0.212E+03
  -.256E-02  0.000E+00  -.234E-02  0.000E+00  -.163E-02  0.000E+00
  -.310E-02  0.221E+03  -.289E-02  0.182E+03  -.223E-02  0.000E+00
  -.364E-02  0.000E+00  -.344E-02  0.000E+00  -.283E-02  0.169E+03
  -.418E-02  0.000E+00  -.399E-02  0.000E+00  -.343E-02  0.000E+00
  -.472E-02  0.140E+03  -.454E-02  0.959E+02  -.403E-02  0.000E+00
  -.526E-02  0.000E+00  -.509E-02  0.000E+00  -.463E-02  0.105E+03
  -.580E-02  0.000E+00  -.564E-02  0.000E+00  -.523E-02  0.000E+00
  -.634E-02  0.575E+02  -.619E-02  0.000E+00  -.583E-02  0.000E+00
  -.688E-02  0.000E+00  -.674E-02  0.425E+02  -.643E-02  0.464E+02
  -.742E-02  0.000E+00  -.729E-02  0.000E+00  -.703E-02  0.000E+00
  -.796E-02  0.000E+00  -.784E-02  0.000E+00  -.763E-02  0.000E+00
  -.850E-02  0.385E+02  -.839E-02  0.274E+02  -.823E-02  0.372E+02
  -.904E-02  0.000E+00  -.894E-02  0.000E+00  -.883E-02  0.000E+00
  -.958E-02  0.000E+00  -.949E-02  0.000E+00  -.943E-02  0.000E+00
  -.101E-01  0.130E+02  -.100E-01  0.913E+01  -.100E-01  0.117E+02
  -.107E-01  0.000E+00  -.106E-01  0.000E+00  -.106E-01  0.000E+00
  -.112E-01  0.000E+00  -.111E-01  0.000E+00  -.112E-01  0.000E+00
  -.117E-01  0.417E+01  -.117E-01  0.000E+00  -.118E-01  0.334E+01
  -.123E-01  0.000E+00  -.122E-01  0.320E+01  -.124E-01  0.000E+00
  -.128E-01  0.000E+00  -.128E-01  0.000E+00  -.130E-01  0.000E+00
