C FILENAME: P30F2.PDF
CC Propane Jet in Coflowing Air Stream
CC PDF of Mixture Fraction Measured using Rayleigh
CC Axial Position, x/D=   30.00
CC Bulk Jet Velocity=53 m/s, Jet Reynolds No.=68168
CC Coflowing Air Velocity=9.5 m/s
CC                            
CC     y/D=  -4.13           y/D=  -3.83          y/D=  -3.51
CC    f          P(f)       f        P(f)        f         P(f) 
  0.235E-01  0.000E+00  0.401E-01  0.306E+00  0.705E-01  0.870E+00
  0.226E-01  0.000E+00  0.385E-01  0.153E+00  0.679E-01  0.290E+00
  0.217E-01  0.282E+00  0.368E-01  0.153E+00  0.652E-01  0.773E+00
  0.208E-01  0.000E+00  0.352E-01  0.306E+00  0.625E-01  0.483E+00
  0.200E-01  0.282E+00  0.335E-01  0.459E+00  0.598E-01  0.116E+01
  0.191E-01  0.000E+00  0.318E-01  0.000E+00  0.572E-01  0.580E+00
  0.182E-01  0.564E+00  0.302E-01  0.153E+00  0.545E-01  0.967E+00
  0.173E-01  0.000E+00  0.285E-01  0.306E+00  0.518E-01  0.773E+00
  0.164E-01  0.113E+01  0.269E-01  0.459E+00  0.492E-01  0.870E+00
  0.155E-01  0.000E+00  0.252E-01  0.612E+00  0.465E-01  0.677E+00
  0.146E-01  0.282E+01  0.236E-01  0.459E+00  0.438E-01  0.164E+01
  0.137E-01  0.000E+00  0.219E-01  0.764E+00  0.411E-01  0.483E+00
  0.128E-01  0.987E+01  0.203E-01  0.153E+00  0.385E-01  0.126E+01
  0.119E-01  0.000E+00  0.186E-01  0.306E+00  0.358E-01  0.483E+00
  0.110E-01  0.223E+02  0.169E-01  0.459E+00  0.331E-01  0.145E+01
  0.102E-01  0.000E+00  0.153E-01  0.000E+00  0.305E-01  0.967E+00
  0.927E-02  0.465E+02  0.136E-01  0.122E+01  0.278E-01  0.387E+00
  0.838E-02  0.000E+00  0.120E-01  0.214E+01  0.251E-01  0.213E+01
  0.749E-02  0.668E+02  0.103E-01  0.459E+01  0.225E-01  0.580E+00
  0.660E-02  0.000E+00  0.864E-02  0.718E+01  0.198E-01  0.135E+01
  0.571E-02  0.109E+03  0.698E-02  0.000E+00  0.171E-01  0.870E+00
  0.482E-02  0.000E+00  0.533E-02  0.208E+02  0.145E-01  0.396E+01
  0.393E-02  0.153E+03  0.367E-02  0.382E+02  0.118E-01  0.715E+01
  0.304E-02  0.000E+00  0.201E-02  0.615E+02  0.912E-02  0.326E+02
  0.215E-02  0.179E+03  0.353E-03  0.780E+02  0.645E-02  0.295E+02
  0.126E-02  0.000E+00  -.131E-02  0.928E+02  0.378E-02  0.892E+02
  0.369E-03  0.170E+03  -.296E-02  0.933E+02  0.111E-02  0.497E+02
  -.521E-03  0.000E+00  -.462E-02  0.754E+02  -.156E-02  0.474E+02
  -.141E-02  0.143E+03  -.628E-02  0.419E+02  -.423E-02  0.646E+02
  -.230E-02  0.000E+00  -.793E-02  0.474E+02  -.690E-02  0.133E+02
  -.319E-02  0.964E+02  -.959E-02  0.199E+02  -.957E-02  0.161E+02
  -.408E-02  0.000E+00  -.113E-01  0.963E+01  -.122E-01  0.184E+01
  -.497E-02  0.603E+02  -.129E-01  0.000E+00  -.149E-01  0.193E+00
  -.586E-02  0.000E+00  -.146E-01  0.321E+01  -.176E-01  0.000E+00
  -.675E-02  0.268E+02  -.162E-01  0.764E+00  -.203E-01  0.000E+00
  -.764E-02  0.000E+00  -.179E-01  0.459E+00  -.229E-01  0.000E+00
  -.853E-02  0.234E+02  -.195E-01  0.000E+00  -.256E-01  0.000E+00
  -.942E-02  0.000E+00  -.212E-01  0.000E+00  -.283E-01  0.000E+00
  -.103E-01  0.874E+01  -.228E-01  0.000E+00  -.309E-01  0.000E+00
  -.112E-01  0.000E+00  -.245E-01  0.000E+00  -.336E-01  0.000E+00
  -.121E-01  0.338E+01  -.262E-01  0.000E+00  -.363E-01  0.000E+00
  -.130E-01  0.000E+00  -.278E-01  0.000E+00  -.389E-01  0.000E+00
  -.139E-01  0.113E+01  -.295E-01  0.000E+00  -.416E-01  0.000E+00
  -.148E-01  0.000E+00  -.311E-01  0.000E+00  -.443E-01  0.000E+00
  -.157E-01  0.000E+00  -.328E-01  0.000E+00  -.470E-01  0.000E+00
  -.165E-01  0.000E+00  -.345E-01  0.000E+00  -.496E-01  0.000E+00
  -.174E-01  0.000E+00  -.361E-01  0.000E+00  -.523E-01  0.000E+00
  -.183E-01  0.000E+00  -.378E-01  0.000E+00  -.550E-01  0.000E+00
  -.192E-01  0.000E+00  -.394E-01  0.000E+00  -.576E-01  0.000E+00
  -.201E-01  0.000E+00  -.411E-01  0.000E+00  -.603E-01  0.000E+00
