C FILENAME: P50F4.PDF
CC Propane Jet in Coflowing Air Stream
CC PDF of Mixture Fraction Measured using Rayleigh
CC Axial Position, x/D=   50.00
CC Bulk Jet Velocity=53 m/s, Jet Reynolds No.=68168
CC Coflowing Air Velocity=9.5 m/s
CC                            
CC     y/D=  -3.55           y/D=  -3.25          y/D=  -2.95
CC    f          P(f)       f        P(f)        f         P(f) 
  0.161E+00  0.260E+00  0.178E+00  0.503E-01  0.187E+00  0.101E+00
  0.156E+00  0.260E+00  0.173E+00  0.201E+00  0.182E+00  0.101E+00
  0.151E+00  0.363E+00  0.168E+00  0.301E+00  0.177E+00  0.101E+00
  0.146E+00  0.831E+00  0.163E+00  0.352E+00  0.172E+00  0.302E+00
  0.141E+00  0.831E+00  0.158E+00  0.553E+00  0.167E+00  0.704E+00
  0.136E+00  0.779E+00  0.153E+00  0.703E+00  0.162E+00  0.704E+00
  0.132E+00  0.119E+01  0.148E+00  0.905E+00  0.157E+00  0.101E+01
  0.127E+00  0.151E+01  0.143E+00  0.854E+00  0.152E+00  0.131E+01
  0.122E+00  0.156E+01  0.138E+00  0.176E+01  0.147E+00  0.191E+01
  0.117E+00  0.223E+01  0.133E+00  0.246E+01  0.142E+00  0.377E+01
  0.112E+00  0.312E+01  0.128E+00  0.372E+01  0.137E+00  0.211E+01
  0.108E+00  0.363E+01  0.123E+00  0.322E+01  0.132E+00  0.287E+01
  0.103E+00  0.395E+01  0.118E+00  0.327E+01  0.127E+00  0.397E+01
  0.978E-01  0.416E+01  0.113E+00  0.462E+01  0.122E+00  0.468E+01
  0.930E-01  0.436E+01  0.108E+00  0.427E+01  0.117E+00  0.483E+01
  0.882E-01  0.519E+01  0.103E+00  0.487E+01  0.112E+00  0.553E+01
  0.834E-01  0.634E+01  0.981E-01  0.513E+01  0.108E+00  0.624E+01
  0.786E-01  0.509E+01  0.931E-01  0.598E+01  0.102E+00  0.719E+01
  0.737E-01  0.587E+01  0.881E-01  0.759E+01  0.975E-01  0.689E+01
  0.689E-01  0.732E+01  0.831E-01  0.709E+01  0.926E-01  0.106E+02
  0.641E-01  0.696E+01  0.781E-01  0.683E+01  0.876E-01  0.815E+01
  0.593E-01  0.675E+01  0.732E-01  0.945E+01  0.826E-01  0.820E+01
  0.545E-01  0.561E+01  0.682E-01  0.859E+01  0.776E-01  0.951E+01
  0.496E-01  0.800E+01  0.632E-01  0.879E+01  0.727E-01  0.724E+01
  0.448E-01  0.660E+01  0.582E-01  0.754E+01  0.677E-01  0.875E+01
  0.400E-01  0.800E+01  0.532E-01  0.729E+01  0.627E-01  0.810E+01
  0.352E-01  0.753E+01  0.482E-01  0.754E+01  0.577E-01  0.800E+01
  0.303E-01  0.706E+01  0.432E-01  0.719E+01  0.527E-01  0.784E+01
  0.255E-01  0.644E+01  0.382E-01  0.744E+01  0.478E-01  0.699E+01
  0.207E-01  0.545E+01  0.332E-01  0.709E+01  0.428E-01  0.468E+01
  0.159E-01  0.691E+01  0.282E-01  0.593E+01  0.378E-01  0.614E+01
  0.111E-01  0.109E+02  0.232E-01  0.638E+01  0.328E-01  0.593E+01
  0.624E-02  0.205E+02  0.182E-01  0.709E+01  0.279E-01  0.603E+01
  0.142E-02  0.296E+02  0.133E-01  0.678E+01  0.229E-01  0.619E+01
  -.340E-02  0.997E+01  0.827E-02  0.114E+02  0.179E-01  0.483E+01
  -.822E-02  0.223E+01  0.328E-02  0.179E+02  0.129E-01  0.598E+01
  -.130E-01  0.104E+00  -.171E-02  0.673E+01  0.796E-02  0.749E+01
  -.179E-01  0.000E+00  -.670E-02  0.226E+01  0.298E-02  0.875E+01
  -.227E-01  0.000E+00  -.117E-01  0.251E+00  -.200E-02  0.573E+01
  -.275E-01  0.000E+00  -.167E-01  0.000E+00  -.697E-02  0.131E+01
  -.323E-01  0.000E+00  -.217E-01  0.000E+00  -.120E-01  0.251E+00
  -.371E-01  0.000E+00  -.267E-01  0.000E+00  -.169E-01  0.000E+00
  -.420E-01  0.000E+00  -.317E-01  0.000E+00  -.219E-01  0.000E+00
  -.468E-01  0.000E+00  -.366E-01  0.000E+00  -.269E-01  0.000E+00
  -.516E-01  0.000E+00  -.416E-01  0.000E+00  -.318E-01  0.000E+00
  -.564E-01  0.000E+00  -.466E-01  0.000E+00  -.368E-01  0.000E+00
  -.613E-01  0.000E+00  -.516E-01  0.000E+00  -.418E-01  0.000E+00
  -.661E-01  0.000E+00  -.566E-01  0.000E+00  -.468E-01  0.000E+00
  -.709E-01  0.000E+00  -.616E-01  0.000E+00  -.518E-01  0.000E+00
  -.757E-01  0.000E+00  -.666E-01  0.000E+00  -.567E-01  0.000E+00
