C FILENAME: P50F9.PDF
CC Propane Jet in Coflowing Air Stream
CC PDF of Mixture Fraction Measured using Rayleigh
CC Axial Position, x/D=   50.00
CC Bulk Jet Velocity=53 m/s, Jet Reynolds No.=68168
CC Coflowing Air Velocity=9.5 m/s
CC                            
CC     y/D=   0.84           y/D=   1.14          y/D=   1.43
CC    f          P(f)       f        P(f)        f         P(f) 
  0.226E+00  0.000E+00  0.225E+00  0.591E-01  0.227E+00  0.111E+00
  0.222E+00  0.613E-01  0.221E+00  0.118E+00  0.223E+00  0.554E-01
  0.218E+00  0.123E+00  0.217E+00  0.591E-01  0.218E+00  0.554E-01
  0.214E+00  0.613E-01  0.212E+00  0.118E+00  0.214E+00  0.000E+00
  0.210E+00  0.306E+00  0.208E+00  0.354E+00  0.209E+00  0.443E+00
  0.206E+00  0.551E+00  0.204E+00  0.591E+00  0.205E+00  0.333E+00
  0.202E+00  0.123E+01  0.200E+00  0.413E+00  0.200E+00  0.831E+00
  0.198E+00  0.116E+01  0.195E+00  0.130E+01  0.196E+00  0.610E+00
  0.194E+00  0.190E+01  0.191E+00  0.148E+01  0.191E+00  0.227E+01
  0.190E+00  0.276E+01  0.187E+00  0.165E+01  0.187E+00  0.277E+01
  0.185E+00  0.153E+01  0.183E+00  0.189E+01  0.182E+00  0.261E+01
  0.181E+00  0.404E+01  0.178E+00  0.360E+01  0.178E+00  0.377E+01
  0.177E+00  0.557E+01  0.174E+00  0.437E+01  0.173E+00  0.393E+01
  0.173E+00  0.386E+01  0.170E+00  0.597E+01  0.169E+00  0.648E+01
  0.169E+00  0.766E+01  0.166E+00  0.425E+01  0.164E+00  0.632E+01
  0.165E+00  0.753E+01  0.161E+00  0.780E+01  0.160E+00  0.399E+01
  0.161E+00  0.723E+01  0.157E+00  0.886E+01  0.155E+00  0.776E+01
  0.157E+00  0.101E+02  0.153E+00  0.117E+02  0.150E+00  0.865E+01
  0.153E+00  0.117E+02  0.149E+00  0.827E+01  0.146E+00  0.992E+01
  0.149E+00  0.717E+01  0.144E+00  0.125E+02  0.141E+00  0.106E+02
  0.145E+00  0.113E+02  0.140E+00  0.123E+02  0.137E+00  0.111E+02
  0.140E+00  0.913E+01  0.136E+00  0.780E+01  0.132E+00  0.109E+02
  0.136E+00  0.134E+02  0.132E+00  0.152E+02  0.128E+00  0.111E+02
  0.132E+00  0.152E+02  0.127E+00  0.149E+02  0.123E+00  0.720E+01
  0.128E+00  0.974E+01  0.123E+00  0.868E+01  0.119E+00  0.102E+02
  0.124E+00  0.124E+02  0.119E+00  0.120E+02  0.114E+00  0.116E+02
  0.120E+00  0.760E+01  0.115E+00  0.120E+02  0.110E+00  0.992E+01
  0.116E+00  0.123E+02  0.110E+00  0.738E+01  0.105E+00  0.942E+01
  0.112E+00  0.766E+01  0.106E+00  0.111E+02  0.101E+00  0.654E+01
  0.108E+00  0.117E+02  0.102E+00  0.963E+01  0.961E-01  0.831E+01
  0.104E+00  0.649E+01  0.975E-01  0.437E+01  0.916E-01  0.665E+01
  0.995E-01  0.705E+01  0.933E-01  0.709E+01  0.871E-01  0.626E+01
  0.954E-01  0.625E+01  0.891E-01  0.484E+01  0.826E-01  0.399E+01
  0.913E-01  0.723E+01  0.848E-01  0.573E+01  0.780E-01  0.549E+01
  0.872E-01  0.613E+01  0.806E-01  0.466E+01  0.735E-01  0.543E+01
  0.831E-01  0.386E+01  0.763E-01  0.254E+01  0.690E-01  0.454E+01
  0.790E-01  0.337E+01  0.720E-01  0.372E+01  0.645E-01  0.238E+01
  0.750E-01  0.404E+01  0.678E-01  0.195E+01  0.600E-01  0.333E+01
  0.709E-01  0.165E+01  0.636E-01  0.284E+01  0.554E-01  0.227E+01
  0.668E-01  0.349E+01  0.593E-01  0.189E+01  0.509E-01  0.272E+01
  0.627E-01  0.147E+01  0.551E-01  0.213E+01  0.464E-01  0.150E+01
  0.586E-01  0.202E+01  0.508E-01  0.124E+01  0.419E-01  0.144E+01
  0.545E-01  0.129E+01  0.465E-01  0.148E+01  0.373E-01  0.144E+01
  0.504E-01  0.190E+01  0.423E-01  0.142E+01  0.328E-01  0.116E+01
  0.463E-01  0.735E+00  0.380E-01  0.531E+00  0.283E-01  0.133E+01
  0.422E-01  0.674E+00  0.338E-01  0.112E+01  0.238E-01  0.887E+00
  0.381E-01  0.490E+00  0.295E-01  0.236E+00  0.192E-01  0.554E+00
  0.340E-01  0.613E+00  0.253E-01  0.650E+00  0.147E-01  0.887E+00
  0.299E-01  0.551E+00  0.211E-01  0.354E+00  0.102E-01  0.388E+00
  0.258E-01  0.123E+00  0.168E-01  0.177E+00  0.567E-02  0.554E+00
