C FILENAME: P50F8.PDF
CC Propane Jet in Coflowing Air Stream
CC PDF of Mixture Fraction Measured using Rayleigh
CC Axial Position, x/D=   50.00
CC Bulk Jet Velocity=53 m/s, Jet Reynolds No.=68168
CC Coflowing Air Velocity=9.5 m/s
CC                            
CC     y/D=  -0.02           y/D=   0.26          y/D=   0.55
CC    f          P(f)       f        P(f)        f         P(f) 
  0.237E+00  0.000E+00  0.232E+00  0.623E-01  0.232E+00  0.621E-01
  0.233E+00  0.000E+00  0.228E+00  0.124E+00  0.228E+00  0.621E-01
  0.228E+00  0.000E+00  0.224E+00  0.124E+00  0.224E+00  0.435E+00
  0.224E+00  0.000E+00  0.220E+00  0.124E+00  0.220E+00  0.435E+00
  0.220E+00  0.600E-01  0.216E+00  0.623E+00  0.215E+00  0.745E+00
  0.216E+00  0.000E+00  0.212E+00  0.685E+00  0.212E+00  0.559E+00
  0.212E+00  0.480E+00  0.208E+00  0.872E+00  0.207E+00  0.932E+00
  0.208E+00  0.108E+01  0.204E+00  0.106E+01  0.203E+00  0.186E+01
  0.203E+00  0.150E+01  0.200E+00  0.168E+01  0.199E+00  0.137E+01
  0.199E+00  0.120E+01  0.196E+00  0.199E+01  0.195E+00  0.317E+01
  0.195E+00  0.192E+01  0.192E+00  0.174E+01  0.191E+00  0.410E+01
  0.191E+00  0.318E+01  0.188E+00  0.374E+01  0.187E+00  0.255E+01
  0.187E+00  0.342E+01  0.184E+00  0.324E+01  0.183E+00  0.634E+01
  0.183E+00  0.324E+01  0.180E+00  0.554E+01  0.179E+00  0.571E+01
  0.178E+00  0.600E+01  0.176E+00  0.641E+01  0.175E+00  0.540E+01
  0.174E+00  0.618E+01  0.172E+00  0.604E+01  0.171E+00  0.981E+01
  0.170E+00  0.865E+01  0.168E+00  0.922E+01  0.167E+00  0.789E+01
  0.166E+00  0.588E+01  0.164E+00  0.111E+02  0.163E+00  0.110E+02
  0.162E+00  0.111E+02  0.160E+00  0.866E+01  0.159E+00  0.127E+02
  0.157E+00  0.116E+02  0.156E+00  0.122E+02  0.155E+00  0.807E+01
  0.153E+00  0.877E+01  0.152E+00  0.972E+01  0.151E+00  0.134E+02
  0.149E+00  0.128E+02  0.147E+00  0.134E+02  0.147E+00  0.103E+02
  0.145E+00  0.149E+02  0.144E+00  0.107E+02  0.143E+00  0.126E+02
  0.141E+00  0.961E+01  0.139E+00  0.139E+02  0.139E+00  0.142E+02
  0.137E+00  0.153E+02  0.135E+00  0.156E+02  0.135E+00  0.907E+01
  0.132E+00  0.141E+02  0.131E+00  0.959E+01  0.131E+00  0.124E+02
  0.128E+00  0.877E+01  0.127E+00  0.138E+02  0.126E+00  0.764E+01
  0.124E+00  0.126E+02  0.123E+00  0.797E+01  0.122E+00  0.121E+02
  0.120E+00  0.810E+01  0.119E+00  0.112E+02  0.118E+00  0.727E+01
  0.116E+00  0.961E+01  0.115E+00  0.691E+01  0.114E+00  0.100E+02
  0.112E+00  0.108E+02  0.111E+00  0.106E+02  0.110E+00  0.615E+01
  0.107E+00  0.774E+01  0.107E+00  0.604E+01  0.106E+00  0.683E+01
  0.103E+00  0.859E+01  0.103E+00  0.610E+01  0.102E+00  0.491E+01
  0.990E-01  0.408E+01  0.991E-01  0.480E+01  0.982E-01  0.540E+01
  0.949E-01  0.564E+01  0.951E-01  0.810E+01  0.941E-01  0.460E+01
  0.907E-01  0.318E+01  0.911E-01  0.336E+01  0.901E-01  0.615E+01
  0.865E-01  0.396E+01  0.870E-01  0.473E+01  0.860E-01  0.354E+01
  0.824E-01  0.354E+01  0.830E-01  0.311E+01  0.820E-01  0.385E+01
  0.782E-01  0.174E+01  0.790E-01  0.342E+01  0.779E-01  0.236E+01
  0.740E-01  0.246E+01  0.749E-01  0.150E+01  0.739E-01  0.230E+01
  0.698E-01  0.162E+01  0.709E-01  0.112E+01  0.698E-01  0.162E+01
  0.657E-01  0.108E+01  0.669E-01  0.181E+01  0.658E-01  0.994E+00
  0.615E-01  0.720E+00  0.628E-01  0.131E+01  0.617E-01  0.242E+01
  0.573E-01  0.102E+01  0.588E-01  0.118E+01  0.577E-01  0.994E+00
  0.531E-01  0.540E+00  0.548E-01  0.810E+00  0.537E-01  0.807E+00
  0.490E-01  0.900E+00  0.507E-01  0.374E+00  0.496E-01  0.435E+00
  0.448E-01  0.600E+00  0.467E-01  0.498E+00  0.456E-01  0.807E+00
  0.406E-01  0.480E+00  0.427E-01  0.374E+00  0.415E-01  0.310E+00
  0.364E-01  0.360E+00  0.386E-01  0.561E+00  0.375E-01  0.373E+00
  0.322E-01  0.540E+00  0.346E-01  0.187E+00  0.334E-01  0.186E+00
