C FILENAME: P50F5.PDF
CC Propane Jet in Coflowing Air Stream
CC PDF of Mixture Fraction Measured using Rayleigh
CC Axial Position, x/D=   50.00
CC Bulk Jet Velocity=53 m/s, Jet Reynolds No.=68168
CC Coflowing Air Velocity=9.5 m/s
CC                            
CC     y/D=  -2.66           y/D=  -2.36          y/D=  -2.08
CC    f          P(f)       f        P(f)        f         P(f) 
  0.193E+00  0.103E+00  0.201E+00  0.106E+00  0.215E+00  0.103E+00
  0.189E+00  0.000E+00  0.196E+00  0.532E-01  0.210E+00  0.206E+00
  0.184E+00  0.206E+00  0.191E+00  0.532E-01  0.205E+00  0.206E+00
  0.179E+00  0.361E+00  0.187E+00  0.266E+00  0.200E+00  0.206E+00
  0.174E+00  0.361E+00  0.182E+00  0.266E+00  0.195E+00  0.412E+00
  0.169E+00  0.619E+00  0.177E+00  0.160E+00  0.190E+00  0.825E+00
  0.164E+00  0.113E+01  0.173E+00  0.426E+00  0.185E+00  0.129E+01
  0.159E+00  0.108E+01  0.168E+00  0.117E+01  0.181E+00  0.150E+01
  0.154E+00  0.113E+01  0.163E+00  0.154E+01  0.176E+00  0.211E+01
  0.150E+00  0.253E+01  0.159E+00  0.245E+01  0.171E+00  0.232E+01
  0.145E+00  0.242E+01  0.154E+00  0.288E+01  0.166E+00  0.304E+01
  0.140E+00  0.309E+01  0.149E+00  0.373E+01  0.161E+00  0.351E+01
  0.135E+00  0.376E+01  0.145E+00  0.447E+01  0.156E+00  0.495E+01
  0.130E+00  0.402E+01  0.140E+00  0.458E+01  0.152E+00  0.397E+01
  0.125E+00  0.541E+01  0.135E+00  0.634E+01  0.147E+00  0.479E+01
  0.120E+00  0.510E+01  0.131E+00  0.495E+01  0.142E+00  0.752E+01
  0.116E+00  0.686E+01  0.126E+00  0.660E+01  0.137E+00  0.691E+01
  0.111E+00  0.711E+01  0.121E+00  0.831E+01  0.132E+00  0.783E+01
  0.106E+00  0.892E+01  0.116E+00  0.857E+01  0.127E+00  0.722E+01
  0.101E+00  0.815E+01  0.112E+00  0.841E+01  0.122E+00  0.938E+01
  0.963E-01  0.815E+01  0.107E+00  0.959E+01  0.117E+00  0.850E+01
  0.914E-01  0.913E+01  0.102E+00  0.708E+01  0.113E+00  0.871E+01
  0.866E-01  0.897E+01  0.976E-01  0.879E+01  0.108E+00  0.106E+02
  0.817E-01  0.949E+01  0.929E-01  0.948E+01  0.103E+00  0.104E+02
  0.768E-01  0.840E+01  0.882E-01  0.104E+02  0.981E-01  0.886E+01
  0.720E-01  0.933E+01  0.835E-01  0.932E+01  0.932E-01  0.990E+01
  0.671E-01  0.933E+01  0.788E-01  0.921E+01  0.884E-01  0.917E+01
  0.623E-01  0.861E+01  0.741E-01  0.932E+01  0.835E-01  0.825E+01
  0.574E-01  0.727E+01  0.694E-01  0.708E+01  0.787E-01  0.763E+01
  0.526E-01  0.758E+01  0.648E-01  0.101E+02  0.738E-01  0.809E+01
  0.477E-01  0.583E+01  0.600E-01  0.767E+01  0.690E-01  0.814E+01
  0.429E-01  0.866E+01  0.554E-01  0.868E+01  0.641E-01  0.680E+01
  0.380E-01  0.701E+01  0.507E-01  0.628E+01  0.593E-01  0.453E+01
  0.332E-01  0.644E+01  0.460E-01  0.314E+01  0.544E-01  0.490E+01
  0.283E-01  0.490E+01  0.413E-01  0.570E+01  0.496E-01  0.319E+01
  0.235E-01  0.505E+01  0.366E-01  0.506E+01  0.447E-01  0.345E+01
  0.186E-01  0.449E+01  0.319E-01  0.421E+01  0.399E-01  0.392E+01
  0.138E-01  0.263E+01  0.272E-01  0.330E+01  0.350E-01  0.304E+01
  0.891E-02  0.340E+01  0.225E-01  0.266E+01  0.302E-01  0.258E+01
  0.406E-02  0.402E+01  0.178E-01  0.282E+01  0.253E-01  0.150E+01
  -.796E-03  0.397E+01  0.131E-01  0.266E+01  0.204E-01  0.139E+01
  -.565E-02  0.979E+00  0.841E-02  0.144E+01  0.156E-01  0.108E+01
  -.105E-01  0.516E-01  0.372E-02  0.186E+01  0.108E-01  0.118E+01
  -.154E-01  0.000E+00  -.975E-03  0.149E+01  0.589E-02  0.928E+00
  -.202E-01  0.000E+00  -.567E-02  0.319E+00  0.104E-02  0.876E+00
  -.251E-01  0.000E+00  -.104E-01  0.000E+00  -.381E-02  0.206E+00
  -.299E-01  0.000E+00  -.151E-01  0.000E+00  -.867E-02  0.000E+00
  -.348E-01  0.000E+00  -.198E-01  0.000E+00  -.135E-01  0.000E+00
  -.396E-01  0.000E+00  -.245E-01  0.000E+00  -.184E-01  0.000E+00
  -.445E-01  0.000E+00  -.291E-01  0.000E+00  -.232E-01  0.000E+00
