C FILENAME: P50F7.PDF
CC Propane Jet in Coflowing Air Stream
CC PDF of Mixture Fraction Measured using Rayleigh
CC Axial Position, x/D=   50.00
CC Bulk Jet Velocity=53 m/s, Jet Reynolds No.=68168
CC Coflowing Air Velocity=9.5 m/s
CC                            
CC     y/D=  -0.89           y/D=  -0.61          y/D=  -0.32
CC    f          P(f)       f        P(f)        f         P(f) 
  0.228E+00  0.604E-01  0.231E+00  0.000E+00  0.235E+00  0.121E+00
  0.223E+00  0.604E-01  0.227E+00  0.000E+00  0.231E+00  0.121E+00
  0.219E+00  0.121E+00  0.223E+00  0.184E+00  0.227E+00  0.242E+00
  0.215E+00  0.302E+00  0.219E+00  0.184E+00  0.222E+00  0.363E+00
  0.211E+00  0.604E+00  0.215E+00  0.676E+00  0.218E+00  0.604E-01
  0.207E+00  0.302E+00  0.211E+00  0.615E+00  0.214E+00  0.302E+00
  0.203E+00  0.133E+01  0.207E+00  0.431E+00  0.210E+00  0.544E+00
  0.199E+00  0.175E+01  0.203E+00  0.148E+01  0.206E+00  0.103E+01
  0.194E+00  0.206E+01  0.199E+00  0.172E+01  0.202E+00  0.786E+00
  0.190E+00  0.206E+01  0.194E+00  0.234E+01  0.198E+00  0.187E+01
  0.186E+00  0.369E+01  0.190E+00  0.246E+01  0.193E+00  0.284E+01
  0.182E+00  0.478E+01  0.186E+00  0.301E+01  0.189E+00  0.308E+01
  0.178E+00  0.538E+01  0.182E+00  0.480E+01  0.185E+00  0.435E+01
  0.174E+00  0.750E+01  0.178E+00  0.363E+01  0.181E+00  0.363E+01
  0.169E+00  0.877E+01  0.174E+00  0.603E+01  0.177E+00  0.622E+01
  0.165E+00  0.756E+01  0.170E+00  0.566E+01  0.173E+00  0.761E+01
  0.161E+00  0.550E+01  0.166E+00  0.781E+01  0.169E+00  0.598E+01
  0.157E+00  0.119E+02  0.162E+00  0.114E+02  0.164E+00  0.955E+01
  0.153E+00  0.109E+02  0.158E+00  0.873E+01  0.160E+00  0.997E+01
  0.149E+00  0.913E+01  0.154E+00  0.125E+02  0.156E+00  0.755E+01
  0.145E+00  0.145E+02  0.150E+00  0.138E+02  0.152E+00  0.133E+02
  0.140E+00  0.998E+01  0.146E+00  0.990E+01  0.148E+00  0.142E+02
  0.136E+00  0.132E+02  0.141E+00  0.143E+02  0.144E+00  0.967E+01
  0.132E+00  0.137E+02  0.138E+00  0.965E+01  0.140E+00  0.172E+02
  0.128E+00  0.979E+01  0.133E+00  0.156E+02  0.135E+00  0.144E+02
  0.124E+00  0.123E+02  0.129E+00  0.898E+01  0.131E+00  0.973E+01
  0.120E+00  0.121E+02  0.125E+00  0.140E+02  0.127E+00  0.143E+02
  0.116E+00  0.750E+01  0.121E+00  0.136E+02  0.123E+00  0.810E+01
  0.111E+00  0.937E+01  0.117E+00  0.830E+01  0.119E+00  0.111E+02
  0.107E+00  0.617E+01  0.113E+00  0.103E+02  0.115E+00  0.103E+02
  0.103E+00  0.750E+01  0.109E+00  0.633E+01  0.111E+00  0.550E+01
  0.988E-01  0.345E+01  0.105E+00  0.744E+01  0.106E+00  0.888E+01
  0.947E-01  0.707E+01  0.101E+00  0.461E+01  0.102E+00  0.568E+01
  0.905E-01  0.586E+01  0.967E-01  0.572E+01  0.982E-01  0.628E+01
  0.864E-01  0.278E+01  0.927E-01  0.437E+01  0.941E-01  0.357E+01
  0.822E-01  0.387E+01  0.886E-01  0.572E+01  0.900E-01  0.489E+01
  0.781E-01  0.284E+01  0.845E-01  0.351E+01  0.858E-01  0.326E+01
  0.739E-01  0.369E+01  0.804E-01  0.394E+01  0.817E-01  0.326E+01
  0.698E-01  0.139E+01  0.764E-01  0.228E+01  0.775E-01  0.224E+01
  0.656E-01  0.278E+01  0.723E-01  0.234E+01  0.734E-01  0.278E+01
  0.615E-01  0.907E+00  0.682E-01  0.111E+01  0.692E-01  0.145E+01
  0.573E-01  0.181E+01  0.641E-01  0.111E+01  0.651E-01  0.139E+01
  0.531E-01  0.967E+00  0.601E-01  0.172E+01  0.610E-01  0.302E+00
  0.490E-01  0.115E+01  0.560E-01  0.369E+00  0.568E-01  0.139E+01
  0.448E-01  0.423E+00  0.519E-01  0.799E+00  0.527E-01  0.544E+00
  0.407E-01  0.363E+00  0.479E-01  0.553E+00  0.485E-01  0.484E+00
  0.365E-01  0.544E+00  0.438E-01  0.676E+00  0.444E-01  0.242E+00
  0.324E-01  0.181E+00  0.397E-01  0.615E+00  0.402E-01  0.363E+00
  0.282E-01  0.786E+00  0.356E-01  0.184E+00  0.361E-01  0.604E-01
  0.240E-01  0.121E+00  0.316E-01  0.123E+00  0.320E-01  0.363E+00
