C FILENAME: P50F1.PDF
CC Propane Jet in Coflowing Air Stream
CC PDF of Mixture Fraction Measured using Rayleigh
CC Axial Position, x/D=   50.00
CC Bulk Jet Velocity=53 m/s, Jet Reynolds No.=68168
CC Coflowing Air Velocity=9.5 m/s
CC                            
CC     y/D=  -6.21           y/D=  -5.92          y/D=  -5.63
CC    f          P(f)       f        P(f)        f         P(f) 
  0.205E-01  0.000E+00  0.225E-01  0.000E+00  0.265E-01  0.465E+00
  0.197E-01  0.000E+00  0.216E-01  0.561E+00  0.254E-01  0.931E+00
  0.189E-01  0.000E+00  0.207E-01  0.000E+00  0.243E-01  0.000E+00
  0.181E-01  0.000E+00  0.198E-01  0.281E+00  0.232E-01  0.000E+00
  0.173E-01  0.000E+00  0.189E-01  0.000E+00  0.221E-01  0.000E+00
  0.165E-01  0.312E+00  0.180E-01  0.281E+00  0.210E-01  0.233E+00
  0.157E-01  0.000E+00  0.171E-01  0.000E+00  0.199E-01  0.698E+00
  0.149E-01  0.281E+01  0.162E-01  0.561E+00  0.188E-01  0.000E+00
  0.141E-01  0.000E+00  0.153E-01  0.000E+00  0.178E-01  0.465E+00
  0.133E-01  0.717E+01  0.144E-01  0.000E+00  0.167E-01  0.698E+00
  0.125E-01  0.000E+00  0.135E-01  0.000E+00  0.156E-01  0.000E+00
  0.117E-01  0.000E+00  0.126E-01  0.842E+00  0.145E-01  0.465E+00
  0.109E-01  0.171E+02  0.117E-01  0.000E+00  0.134E-01  0.116E+01
  0.101E-01  0.000E+00  0.108E-01  0.140E+01  0.123E-01  0.000E+00
  0.926E-02  0.355E+02  0.990E-02  0.337E+01  0.112E-01  0.303E+01
  0.846E-02  0.000E+00  0.900E-02  0.000E+00  0.101E-01  0.000E+00
  0.765E-02  0.836E+02  0.810E-02  0.115E+02  0.905E-02  0.768E+01
  0.685E-02  0.000E+00  0.720E-02  0.000E+00  0.796E-02  0.168E+02
  0.604E-02  0.122E+03  0.630E-02  0.326E+02  0.688E-02  0.000E+00
  0.523E-02  0.000E+00  0.540E-02  0.000E+00  0.579E-02  0.384E+02
  0.443E-02  0.160E+03  0.451E-02  0.536E+02  0.470E-02  0.577E+02
  0.362E-02  0.000E+00  0.361E-02  0.000E+00  0.361E-02  0.000E+00
  0.282E-02  0.210E+03  0.271E-02  0.991E+02  0.253E-02  0.113E+03
  0.201E-02  0.000E+00  0.181E-02  0.000E+00  0.144E-02  0.000E+00
  0.121E-02  0.000E+00  0.908E-03  0.158E+03  0.351E-03  0.143E+03
  0.402E-03  0.206E+03  0.854E-05  0.000E+00  -.736E-03  0.158E+03
  -.404E-03  0.000E+00  -.891E-03  0.166E+03  -.182E-02  0.000E+00
  -.121E-02  0.159E+03  -.179E-02  0.000E+00  -.291E-02  0.133E+03
  -.201E-02  0.000E+00  -.269E-02  0.177E+03  -.400E-02  0.107E+03
  -.282E-02  0.112E+03  -.359E-02  0.000E+00  -.509E-02  0.000E+00
  -.362E-02  0.000E+00  -.449E-02  0.162E+03  -.617E-02  0.747E+02
  -.443E-02  0.792E+02  -.539E-02  0.000E+00  -.726E-02  0.000E+00
  -.524E-02  0.000E+00  -.629E-02  0.119E+03  -.835E-02  0.412E+02
  -.604E-02  0.303E+02  -.719E-02  0.000E+00  -.944E-02  0.105E+02
  -.685E-02  0.000E+00  -.809E-02  0.677E+02  -.105E-01  0.000E+00
  -.765E-02  0.137E+02  -.899E-02  0.000E+00  -.116E-01  0.884E+01
  -.846E-02  0.000E+00  -.989E-02  0.292E+02  -.127E-01  0.931E+00
  -.926E-02  0.000E+00  -.108E-01  0.000E+00  -.138E-01  0.000E+00
  -.101E-01  0.187E+01  -.117E-01  0.216E+02  -.149E-01  0.000E+00
  -.109E-01  0.000E+00  -.126E-01  0.000E+00  -.160E-01  0.000E+00
  -.117E-01  0.935E+00  -.135E-01  0.561E+01  -.170E-01  0.000E+00
  -.125E-01  0.000E+00  -.144E-01  0.000E+00  -.181E-01  0.000E+00
  -.133E-01  0.312E+00  -.153E-01  0.197E+01  -.192E-01  0.000E+00
  -.141E-01  0.000E+00  -.162E-01  0.000E+00  -.203E-01  0.000E+00
  -.149E-01  0.312E+00  -.171E-01  0.000E+00  -.214E-01  0.000E+00
  -.157E-01  0.000E+00  -.180E-01  0.000E+00  -.225E-01  0.000E+00
  -.165E-01  0.000E+00  -.189E-01  0.000E+00  -.236E-01  0.000E+00
  -.173E-01  0.000E+00  -.198E-01  0.000E+00  -.247E-01  0.000E+00
  -.181E-01  0.000E+00  -.207E-01  0.000E+00  -.258E-01  0.000E+00
  -.189E-01  0.000E+00  -.216E-01  0.000E+00  -.268E-01  0.000E+00
