C FILENAME: P50F2.PDF
CC Propane Jet in Coflowing Air Stream
CC PDF of Mixture Fraction Measured using Rayleigh
CC Axial Position, x/D=   50.00
CC Bulk Jet Velocity=53 m/s, Jet Reynolds No.=68168
CC Coflowing Air Velocity=9.5 m/s
CC                            
CC     y/D=  -5.33           y/D=  -5.04          y/D=  -4.73
CC    f          P(f)       f        P(f)        f         P(f) 
  0.420E-01  0.933E+00  0.556E-01  0.135E+01  0.778E-01  0.181E+01
  0.403E-01  0.311E+00  0.536E-01  0.738E+00  0.750E-01  0.218E+01
  0.386E-01  0.202E+01  0.514E-01  0.984E+00  0.721E-01  0.907E+00
  0.369E-01  0.622E+00  0.494E-01  0.197E+01  0.693E-01  0.263E+01
  0.353E-01  0.109E+01  0.472E-01  0.738E+00  0.664E-01  0.245E+01
  0.336E-01  0.187E+01  0.452E-01  0.615E+00  0.635E-01  0.127E+01
  0.319E-01  0.155E+01  0.430E-01  0.148E+01  0.607E-01  0.299E+01
  0.302E-01  0.155E+00  0.410E-01  0.197E+01  0.578E-01  0.254E+01
  0.286E-01  0.778E+00  0.388E-01  0.492E+00  0.549E-01  0.272E+01
  0.269E-01  0.171E+01  0.367E-01  0.738E+00  0.521E-01  0.154E+01
  0.252E-01  0.109E+01  0.347E-01  0.246E+00  0.492E-01  0.317E+01
  0.235E-01  0.933E+00  0.325E-01  0.172E+01  0.464E-01  0.272E+01
  0.219E-01  0.109E+01  0.304E-01  0.135E+01  0.435E-01  0.118E+01
  0.202E-01  0.187E+01  0.283E-01  0.123E+01  0.406E-01  0.281E+01
  0.185E-01  0.778E+00  0.262E-01  0.861E+00  0.378E-01  0.272E+01
  0.168E-01  0.109E+01  0.241E-01  0.197E+01  0.349E-01  0.136E+01
  0.152E-01  0.140E+01  0.220E-01  0.111E+01  0.320E-01  0.281E+01
  0.135E-01  0.280E+01  0.199E-01  0.123E+01  0.292E-01  0.308E+01
  0.118E-01  0.311E+01  0.178E-01  0.861E+00  0.263E-01  0.227E+01
  0.101E-01  0.747E+01  0.157E-01  0.123E+01  0.235E-01  0.145E+01
  0.845E-02  0.148E+02  0.136E-01  0.221E+01  0.206E-01  0.372E+01
  0.677E-02  0.275E+02  0.115E-01  0.258E+01  0.177E-01  0.281E+01
  0.509E-02  0.425E+02  0.944E-02  0.369E+01  0.149E-01  0.109E+01
  0.341E-02  0.000E+00  0.734E-02  0.923E+01  0.120E-01  0.644E+01
  0.174E-02  0.737E+02  0.524E-02  0.538E+02  0.914E-02  0.153E+02
  0.616E-04  0.925E+02  0.314E-02  0.603E+02  0.628E-02  0.199E+02
  -.161E-02  0.874E+02  0.104E-02  0.723E+02  0.342E-02  0.696E+02
  -.329E-02  0.818E+02  -.106E-02  0.732E+02  0.555E-03  0.528E+02
  -.497E-02  0.659E+02  -.316E-02  0.677E+02  -.231E-02  0.805E+02
  -.665E-02  0.445E+02  -.526E-02  0.827E+02  -.517E-02  0.419E+02
  -.832E-02  0.191E+02  -.736E-02  0.153E+02  -.803E-02  0.662E+01
  -.100E-01  0.824E+01  -.946E-02  0.603E+01  -.109E-01  0.354E+01
  -.117E-01  0.420E+01  -.116E-01  0.295E+01  -.138E-01  0.363E+00
  -.133E-01  0.109E+01  -.137E-01  0.984E+00  -.166E-01  0.000E+00
  -.150E-01  0.311E+00  -.158E-01  0.369E+00  -.195E-01  0.000E+00
  -.167E-01  0.155E+00  -.179E-01  0.000E+00  -.224E-01  0.000E+00
  -.184E-01  0.000E+00  -.200E-01  0.000E+00  -.252E-01  0.000E+00
  -.201E-01  0.000E+00  -.221E-01  0.000E+00  -.281E-01  0.000E+00
  -.217E-01  0.000E+00  -.242E-01  0.000E+00  -.309E-01  0.000E+00
  -.234E-01  0.000E+00  -.263E-01  0.000E+00  -.338E-01  0.000E+00
  -.251E-01  0.000E+00  -.284E-01  0.000E+00  -.367E-01  0.000E+00
  -.268E-01  0.000E+00  -.305E-01  0.000E+00  -.395E-01  0.000E+00
  -.284E-01  0.000E+00  -.326E-01  0.000E+00  -.424E-01  0.000E+00
  -.301E-01  0.000E+00  -.347E-01  0.000E+00  -.452E-01  0.000E+00
  -.318E-01  0.000E+00  -.368E-01  0.000E+00  -.481E-01  0.000E+00
  -.335E-01  0.000E+00  -.389E-01  0.000E+00  -.510E-01  0.000E+00
  -.351E-01  0.000E+00  -.410E-01  0.000E+00  -.538E-01  0.000E+00
  -.368E-01  0.000E+00  -.431E-01  0.000E+00  -.567E-01  0.000E+00
  -.385E-01  0.000E+00  -.452E-01  0.000E+00  -.596E-01  0.000E+00
  -.402E-01  0.000E+00  -.473E-01  0.000E+00  -.624E-01  0.000E+00
