C FILENAME: P50F6.PDF
CC Propane Jet in Coflowing Air Stream
CC PDF of Mixture Fraction Measured using Rayleigh
CC Axial Position, x/D=   50.00
CC Bulk Jet Velocity=53 m/s, Jet Reynolds No.=68168
CC Coflowing Air Velocity=9.5 m/s
CC                            
CC     y/D=  -1.77           y/D=  -1.49          y/D=  -1.18
CC    f          P(f)       f        P(f)        f         P(f) 
  0.225E+00  0.000E+00  0.226E+00  0.111E+00  0.227E+00  0.575E-01
  0.221E+00  0.530E-01  0.221E+00  0.000E+00  0.223E+00  0.575E-01
  0.216E+00  0.000E+00  0.217E+00  0.554E-01  0.218E+00  0.230E+00
  0.211E+00  0.159E+00  0.212E+00  0.111E+00  0.214E+00  0.575E-01
  0.206E+00  0.371E+00  0.208E+00  0.222E+00  0.209E+00  0.287E+00
  0.202E+00  0.477E+00  0.203E+00  0.222E+00  0.205E+00  0.402E+00
  0.197E+00  0.636E+00  0.199E+00  0.554E+00  0.201E+00  0.402E+00
  0.192E+00  0.583E+00  0.194E+00  0.105E+01  0.197E+00  0.977E+00
  0.188E+00  0.159E+01  0.190E+00  0.105E+01  0.192E+00  0.161E+01
  0.183E+00  0.154E+01  0.185E+00  0.155E+01  0.188E+00  0.264E+01
  0.178E+00  0.297E+01  0.181E+00  0.144E+01  0.183E+00  0.351E+01
  0.173E+00  0.255E+01  0.176E+00  0.266E+01  0.179E+00  0.339E+01
  0.169E+00  0.493E+01  0.172E+00  0.310E+01  0.175E+00  0.442E+01
  0.164E+00  0.398E+01  0.167E+00  0.410E+01  0.170E+00  0.328E+01
  0.159E+00  0.483E+01  0.163E+00  0.310E+01  0.166E+00  0.551E+01
  0.155E+00  0.610E+01  0.158E+00  0.632E+01  0.162E+00  0.666E+01
  0.150E+00  0.716E+01  0.154E+00  0.770E+01  0.157E+00  0.919E+01
  0.145E+00  0.785E+01  0.149E+00  0.842E+01  0.153E+00  0.971E+01
  0.140E+00  0.711E+01  0.145E+00  0.102E+02  0.149E+00  0.655E+01
  0.136E+00  0.997E+01  0.140E+00  0.915E+01  0.144E+00  0.977E+01
  0.131E+00  0.102E+02  0.135E+00  0.106E+02  0.140E+00  0.111E+02
  0.126E+00  0.955E+01  0.131E+00  0.115E+02  0.135E+00  0.125E+02
  0.122E+00  0.780E+01  0.126E+00  0.798E+01  0.131E+00  0.868E+01
  0.117E+00  0.118E+02  0.122E+00  0.110E+02  0.127E+00  0.134E+02
  0.112E+00  0.100E+02  0.117E+00  0.119E+02  0.122E+00  0.123E+02
  0.107E+00  0.960E+01  0.113E+00  0.117E+02  0.118E+00  0.123E+02
  0.103E+00  0.107E+02  0.108E+00  0.112E+02  0.114E+00  0.735E+01
  0.980E-01  0.875E+01  0.104E+00  0.665E+01  0.109E+00  0.954E+01
  0.933E-01  0.806E+01  0.994E-01  0.865E+01  0.105E+00  0.954E+01
  0.886E-01  0.748E+01  0.948E-01  0.106E+02  0.101E+00  0.689E+01
  0.839E-01  0.785E+01  0.903E-01  0.898E+01  0.963E-01  0.707E+01
  0.792E-01  0.721E+01  0.858E-01  0.599E+01  0.920E-01  0.919E+01
  0.745E-01  0.387E+01  0.813E-01  0.565E+01  0.876E-01  0.534E+01
  0.697E-01  0.514E+01  0.768E-01  0.610E+01  0.833E-01  0.586E+01
  0.650E-01  0.467E+01  0.723E-01  0.515E+01  0.789E-01  0.603E+01
  0.603E-01  0.424E+01  0.678E-01  0.344E+01  0.746E-01  0.241E+01
  0.556E-01  0.414E+01  0.632E-01  0.477E+01  0.702E-01  0.465E+01
  0.509E-01  0.281E+01  0.587E-01  0.377E+01  0.658E-01  0.385E+01
  0.462E-01  0.207E+01  0.542E-01  0.283E+01  0.615E-01  0.224E+01
  0.415E-01  0.217E+01  0.497E-01  0.211E+01  0.571E-01  0.195E+01
  0.367E-01  0.217E+01  0.452E-01  0.238E+01  0.528E-01  0.201E+01
  0.320E-01  0.122E+01  0.407E-01  0.183E+01  0.484E-01  0.201E+01
  0.273E-01  0.111E+01  0.362E-01  0.155E+01  0.441E-01  0.144E+01
  0.226E-01  0.122E+01  0.316E-01  0.139E+01  0.397E-01  0.517E+00
  0.179E-01  0.101E+01  0.271E-01  0.776E+00  0.354E-01  0.919E+00
  0.132E-01  0.122E+01  0.226E-01  0.333E+00  0.310E-01  0.402E+00
  0.845E-02  0.111E+01  0.181E-01  0.776E+00  0.267E-01  0.575E+00
  0.374E-02  0.138E+01  0.136E-01  0.388E+00  0.223E-01  0.402E+00
  -.974E-03  0.689E+00  0.908E-02  0.277E+00  0.180E-01  0.345E+00
  -.569E-02  0.530E-01  0.456E-02  0.111E+00  0.136E-01  0.575E-01
