C FILENAME: P50F3.PDF
CC Propane Jet in Coflowing Air Stream
CC PDF of Mixture Fraction Measured using Rayleigh
CC Axial Position, x/D=   50.00
CC Bulk Jet Velocity=53 m/s, Jet Reynolds No.=68168
CC Coflowing Air Velocity=9.5 m/s
CC                            
CC     y/D=  -4.44           y/D=  -4.14          y/D=  -3.84
CC    f          P(f)       f        P(f)        f         P(f) 
  0.997E-01  0.651E+00  0.125E+00  0.968E+00  0.142E+00  0.118E+01
  0.962E-01  0.868E+00  0.121E+00  0.484E+00  0.137E+00  0.113E+01
  0.927E-01  0.796E+00  0.117E+00  0.121E+01  0.133E+00  0.451E+00
  0.891E-01  0.868E+00  0.113E+00  0.188E+01  0.128E+00  0.158E+01
  0.856E-01  0.138E+01  0.109E+00  0.151E+01  0.124E+00  0.209E+01
  0.821E-01  0.130E+01  0.105E+00  0.254E+01  0.119E+00  0.237E+01
  0.786E-01  0.232E+01  0.101E+00  0.182E+01  0.115E+00  0.231E+01
  0.751E-01  0.181E+01  0.963E-01  0.290E+01  0.111E+00  0.147E+01
  0.715E-01  0.217E+01  0.922E-01  0.339E+01  0.106E+00  0.260E+01
  0.680E-01  0.253E+01  0.880E-01  0.248E+01  0.102E+00  0.395E+01
  0.645E-01  0.246E+01  0.838E-01  0.520E+01  0.972E-01  0.372E+01
  0.610E-01  0.333E+01  0.797E-01  0.212E+01  0.927E-01  0.248E+01
  0.575E-01  0.376E+01  0.755E-01  0.563E+01  0.883E-01  0.457E+01
  0.540E-01  0.275E+01  0.714E-01  0.442E+01  0.838E-01  0.632E+01
  0.504E-01  0.427E+01  0.672E-01  0.660E+01  0.794E-01  0.440E+01
  0.469E-01  0.326E+01  0.630E-01  0.393E+01  0.749E-01  0.762E+01
  0.434E-01  0.420E+01  0.588E-01  0.502E+01  0.705E-01  0.801E+01
  0.399E-01  0.275E+01  0.547E-01  0.412E+01  0.660E-01  0.514E+01
  0.363E-01  0.289E+01  0.505E-01  0.623E+01  0.616E-01  0.796E+01
  0.328E-01  0.268E+01  0.463E-01  0.363E+01  0.571E-01  0.790E+01
  0.293E-01  0.369E+01  0.422E-01  0.581E+01  0.527E-01  0.497E+01
  0.258E-01  0.391E+01  0.380E-01  0.327E+01  0.482E-01  0.768E+01
  0.223E-01  0.405E+01  0.338E-01  0.381E+01  0.438E-01  0.689E+01
  0.187E-01  0.449E+01  0.297E-01  0.545E+01  0.393E-01  0.480E+01
  0.152E-01  0.557E+01  0.255E-01  0.321E+01  0.349E-01  0.824E+01
  0.117E-01  0.564E+01  0.213E-01  0.545E+01  0.304E-01  0.739E+01
  0.818E-02  0.116E+02  0.172E-01  0.369E+01  0.260E-01  0.468E+01
  0.465E-02  0.256E+02  0.130E-01  0.999E+01  0.215E-01  0.643E+01
  0.114E-02  0.546E+02  0.884E-02  0.131E+02  0.171E-01  0.463E+01
  -.239E-02  0.666E+02  0.467E-02  0.289E+02  0.126E-01  0.903E+01
  -.591E-02  0.386E+02  0.505E-03  0.623E+02  0.818E-02  0.174E+02
  -.943E-02  0.110E+02  -.366E-02  0.223E+02  0.373E-02  0.217E+02
  -.130E-01  0.166E+01  -.783E-02  0.629E+01  -.724E-03  0.320E+02
  -.165E-01  0.000E+00  -.120E-01  0.363E+00  -.518E-02  0.959E+01
  -.200E-01  0.000E+00  -.162E-01  0.000E+00  -.963E-02  0.203E+01
  -.235E-01  0.000E+00  -.203E-01  0.000E+00  -.141E-01  0.000E+00
  -.270E-01  0.000E+00  -.245E-01  0.000E+00  -.185E-01  0.000E+00
  -.305E-01  0.000E+00  -.287E-01  0.000E+00  -.230E-01  0.000E+00
  -.341E-01  0.000E+00  -.328E-01  0.000E+00  -.274E-01  0.000E+00
  -.376E-01  0.000E+00  -.370E-01  0.000E+00  -.319E-01  0.000E+00
  -.411E-01  0.000E+00  -.412E-01  0.000E+00  -.363E-01  0.000E+00
  -.446E-01  0.000E+00  -.453E-01  0.000E+00  -.408E-01  0.000E+00
  -.482E-01  0.000E+00  -.495E-01  0.000E+00  -.452E-01  0.000E+00
  -.517E-01  0.000E+00  -.537E-01  0.000E+00  -.497E-01  0.000E+00
  -.552E-01  0.000E+00  -.578E-01  0.000E+00  -.541E-01  0.000E+00
  -.587E-01  0.000E+00  -.620E-01  0.000E+00  -.586E-01  0.000E+00
  -.622E-01  0.000E+00  -.662E-01  0.000E+00  -.630E-01  0.000E+00
  -.658E-01  0.000E+00  -.703E-01  0.000E+00  -.675E-01  0.000E+00
  -.693E-01  0.000E+00  -.745E-01  0.000E+00  -.719E-01  0.000E+00
  -.728E-01  0.000E+00  -.787E-01  0.000E+00  -.764E-01  0.000E+00
