C FILENAME: PAXF4.PDF
CC Propane Jet in Coflowing Air Stream
CC PDF of Mixture Fraction Measured using Rayleigh
CC Centerline Profile, Radial Position, y/D=    0.00
CC Bulk Jet Velocity=53 m/s, Jet Reynolds No.=68168
CC Coflowing Air Velocity=9.5 m/s
CC                            
CC     x/D=  24.78           x/D=  29.79          x/D=  39.00
CC    f          P(f)       f        P(f)        f         P(f) 
  0.480E+00  0.105E+00  0.392E+00  0.000E+00  0.304E+00  0.102E+00
  0.473E+00  0.000E+00  0.386E+00  0.789E-01  0.299E+00  0.102E+00
  0.466E+00  0.140E+00  0.379E+00  0.789E-01  0.294E+00  0.000E+00
  0.458E+00  0.105E+00  0.373E+00  0.158E+00  0.289E+00  0.204E+00
  0.451E+00  0.244E+00  0.367E+00  0.315E+00  0.284E+00  0.255E+00
  0.444E+00  0.349E+00  0.360E+00  0.237E+00  0.279E+00  0.509E+00
  0.437E+00  0.488E+00  0.354E+00  0.513E+00  0.274E+00  0.509E+00
  0.430E+00  0.767E+00  0.348E+00  0.434E+00  0.269E+00  0.611E+00
  0.422E+00  0.122E+01  0.341E+00  0.947E+00  0.264E+00  0.158E+01
  0.415E+00  0.146E+01  0.335E+00  0.130E+01  0.259E+00  0.163E+01
  0.408E+00  0.202E+01  0.329E+00  0.142E+01  0.254E+00  0.178E+01
  0.401E+00  0.136E+01  0.322E+00  0.241E+01  0.250E+00  0.285E+01
  0.394E+00  0.272E+01  0.316E+00  0.260E+01  0.245E+00  0.321E+01
  0.386E+00  0.317E+01  0.309E+00  0.351E+01  0.240E+00  0.341E+01
  0.379E+00  0.394E+01  0.303E+00  0.410E+01  0.235E+00  0.422E+01
  0.372E+00  0.422E+01  0.297E+00  0.383E+01  0.230E+00  0.494E+01
  0.365E+00  0.502E+01  0.290E+00  0.548E+01  0.225E+00  0.662E+01
  0.358E+00  0.663E+01  0.284E+00  0.615E+01  0.220E+00  0.774E+01
  0.350E+00  0.610E+01  0.278E+00  0.631E+01  0.215E+00  0.682E+01
  0.343E+00  0.673E+01  0.271E+00  0.757E+01  0.210E+00  0.896E+01
  0.336E+00  0.687E+01  0.265E+00  0.694E+01  0.205E+00  0.891E+01
  0.329E+00  0.596E+01  0.259E+00  0.852E+01  0.200E+00  0.987E+01
  0.322E+00  0.725E+01  0.252E+00  0.714E+01  0.195E+00  0.110E+02
  0.314E+00  0.642E+01  0.246E+00  0.738E+01  0.190E+00  0.101E+02
  0.307E+00  0.746E+01  0.240E+00  0.876E+01  0.185E+00  0.111E+02
  0.300E+00  0.631E+01  0.233E+00  0.749E+01  0.181E+00  0.921E+01
  0.293E+00  0.687E+01  0.227E+00  0.805E+01  0.176E+00  0.998E+01
  0.285E+00  0.547E+01  0.220E+00  0.666E+01  0.171E+00  0.850E+01
  0.278E+00  0.537E+01  0.214E+00  0.615E+01  0.166E+00  0.901E+01
  0.271E+00  0.408E+01  0.208E+00  0.611E+01  0.161E+00  0.804E+01
  0.264E+00  0.397E+01  0.201E+00  0.560E+01  0.156E+00  0.529E+01
  0.257E+00  0.401E+01  0.195E+00  0.525E+01  0.151E+00  0.631E+01
  0.250E+00  0.300E+01  0.189E+00  0.461E+01  0.146E+00  0.611E+01
  0.242E+00  0.335E+01  0.182E+00  0.315E+01  0.141E+00  0.489E+01
  0.235E+00  0.237E+01  0.176E+00  0.312E+01  0.136E+00  0.509E+01
  0.228E+00  0.268E+01  0.169E+00  0.264E+01  0.131E+00  0.443E+01
  0.221E+00  0.202E+01  0.163E+00  0.213E+01  0.126E+00  0.361E+01
  0.213E+00  0.202E+01  0.157E+00  0.221E+01  0.121E+00  0.265E+01
  0.206E+00  0.136E+01  0.150E+00  0.193E+01  0.116E+00  0.305E+01
  0.199E+00  0.976E+00  0.144E+00  0.114E+01  0.111E+00  0.142E+01
  0.192E+00  0.976E+00  0.138E+00  0.868E+00  0.106E+00  0.178E+01
  0.185E+00  0.906E+00  0.131E+00  0.670E+00  0.101E+00  0.713E+00
  0.177E+00  0.418E+00  0.125E+00  0.670E+00  0.966E-01  0.178E+01
  0.170E+00  0.558E+00  0.119E+00  0.710E+00  0.917E-01  0.967E+00
  0.163E+00  0.418E+00  0.112E+00  0.592E+00  0.867E-01  0.916E+00
  0.156E+00  0.314E+00  0.106E+00  0.237E+00  0.818E-01  0.611E+00
  0.149E+00  0.174E+00  0.996E-01  0.394E+00  0.769E-01  0.560E+00
  0.141E+00  0.244E+00  0.932E-01  0.158E+00  0.719E-01  0.356E+00
  0.134E+00  0.174E+00  0.869E-01  0.355E+00  0.670E-01  0.255E+00
  0.127E+00  0.349E-01  0.805E-01  0.158E+00  0.621E-01  0.153E+00
