C FILENAME: PAXF3.PDF
CC Propane Jet in Coflowing Air Stream
CC PDF of Mixture Fraction Measured using Rayleigh
CC Centerline Profile, Radial Position, y/D=    0.00
CC Bulk Jet Velocity=53 m/s, Jet Reynolds No.=68168
CC Coflowing Air Velocity=9.5 m/s
CC                            
CC     x/D=  12.42           x/D=  15.03          x/D=  20.55
CC    f          P(f)       f        P(f)        f         P(f) 
  0.864E+00  0.000E+00  0.748E+00  0.000E+00  0.575E+00  0.309E-01
  0.854E+00  0.000E+00  0.739E+00  0.534E-01  0.567E+00  0.309E-01
  0.844E+00  0.000E+00  0.729E+00  0.267E-01  0.558E+00  0.309E-01
  0.834E+00  0.000E+00  0.720E+00  0.107E+00  0.550E+00  0.185E+00
  0.823E+00  0.248E-01  0.711E+00  0.267E-01  0.542E+00  0.926E-01
  0.813E+00  0.248E-01  0.701E+00  0.213E+00  0.534E+00  0.309E+00
  0.803E+00  0.149E+00  0.692E+00  0.294E+00  0.526E+00  0.432E+00
  0.793E+00  0.124E+00  0.682E+00  0.267E+00  0.518E+00  0.340E+00
  0.783E+00  0.273E+00  0.673E+00  0.560E+00  0.510E+00  0.102E+01
  0.773E+00  0.298E+00  0.664E+00  0.614E+00  0.501E+00  0.120E+01
  0.763E+00  0.621E+00  0.654E+00  0.987E+00  0.493E+00  0.139E+01
  0.753E+00  0.720E+00  0.645E+00  0.112E+01  0.485E+00  0.136E+01
  0.743E+00  0.171E+01  0.635E+00  0.152E+01  0.477E+00  0.210E+01
  0.732E+00  0.159E+01  0.626E+00  0.254E+01  0.469E+00  0.265E+01
  0.722E+00  0.176E+01  0.616E+00  0.254E+01  0.461E+00  0.346E+01
  0.712E+00  0.238E+01  0.607E+00  0.334E+01  0.452E+00  0.361E+01
  0.702E+00  0.288E+01  0.598E+00  0.416E+01  0.444E+00  0.392E+01
  0.692E+00  0.340E+01  0.588E+00  0.440E+01  0.436E+00  0.438E+01
  0.682E+00  0.494E+01  0.579E+00  0.435E+01  0.428E+00  0.571E+01
  0.672E+00  0.452E+01  0.569E+00  0.520E+01  0.420E+00  0.639E+01
  0.662E+00  0.482E+01  0.560E+00  0.563E+01  0.412E+00  0.596E+01
  0.651E+00  0.489E+01  0.550E+00  0.539E+01  0.403E+00  0.574E+01
  0.641E+00  0.534E+01  0.541E+00  0.574E+01  0.395E+00  0.506E+01
  0.631E+00  0.549E+01  0.531E+00  0.531E+01  0.387E+00  0.707E+01
  0.621E+00  0.522E+01  0.522E+00  0.491E+01  0.379E+00  0.676E+01
  0.611E+00  0.524E+01  0.513E+00  0.504E+01  0.371E+00  0.593E+01
  0.601E+00  0.484E+01  0.503E+00  0.488E+01  0.363E+00  0.512E+01
  0.591E+00  0.489E+01  0.494E+00  0.472E+01  0.355E+00  0.531E+01
  0.581E+00  0.393E+01  0.484E+00  0.384E+01  0.347E+00  0.386E+01
  0.571E+00  0.365E+01  0.475E+00  0.387E+01  0.338E+00  0.506E+01
  0.561E+00  0.315E+01  0.466E+00  0.384E+01  0.330E+00  0.352E+01
  0.550E+00  0.306E+01  0.456E+00  0.272E+01  0.322E+00  0.401E+01
  0.540E+00  0.231E+01  0.447E+00  0.286E+01  0.314E+00  0.321E+01
  0.530E+00  0.276E+01  0.437E+00  0.232E+01  0.306E+00  0.278E+01
  0.520E+00  0.199E+01  0.428E+00  0.195E+01  0.298E+00  0.241E+01
  0.510E+00  0.196E+01  0.418E+00  0.208E+01  0.289E+00  0.191E+01
  0.500E+00  0.169E+01  0.409E+00  0.115E+01  0.281E+00  0.161E+01
  0.490E+00  0.166E+01  0.400E+00  0.163E+01  0.273E+00  0.145E+01
  0.479E+00  0.109E+01  0.390E+00  0.101E+01  0.265E+00  0.108E+01
  0.469E+00  0.895E+00  0.381E+00  0.104E+01  0.257E+00  0.124E+01
  0.459E+00  0.969E+00  0.371E+00  0.747E+00  0.249E+00  0.988E+00
  0.449E+00  0.720E+00  0.362E+00  0.587E+00  0.241E+00  0.586E+00
  0.439E+00  0.572E+00  0.352E+00  0.587E+00  0.232E+00  0.741E+00
  0.429E+00  0.522E+00  0.343E+00  0.347E+00  0.224E+00  0.556E+00
  0.419E+00  0.373E+00  0.334E+00  0.347E+00  0.216E+00  0.617E+00
  0.409E+00  0.398E+00  0.324E+00  0.374E+00  0.208E+00  0.463E+00
  0.399E+00  0.273E+00  0.315E+00  0.267E+00  0.200E+00  0.401E+00
  0.389E+00  0.224E+00  0.305E+00  0.187E+00  0.192E+00  0.278E+00
  0.378E+00  0.249E+00  0.296E+00  0.107E+00  0.184E+00  0.247E+00
  0.368E+00  0.224E+00  0.286E+00  0.267E+00  0.175E+00  0.123E+00
