C FILENAME: PAXF2.PDF
CC Propane Jet in Coflowing Air Stream
CC PDF of Mixture Fraction Measured using Rayleigh
CC Centerline Profile, Radial Position, y/D=    0.00
CC Bulk Jet Velocity=53 m/s, Jet Reynolds No.=68168
CC Coflowing Air Velocity=9.5 m/s
CC                            
CC     x/D=   5.22           x/D=   7.12          x/D=  10.78
CC    f          P(f)       f        P(f)        f         P(f) 
  0.114E+01  0.000E+00  0.113E+01  0.000E+00  0.951E+00  0.000E+00
  0.113E+01  0.000E+00  0.112E+01  0.000E+00  0.941E+00  0.252E-01
  0.112E+01  0.000E+00  0.111E+01  0.000E+00  0.931E+00  0.000E+00
  0.112E+01  0.000E+00  0.110E+01  0.000E+00  0.921E+00  0.252E-01
  0.111E+01  0.000E+00  0.109E+01  0.000E+00  0.911E+00  0.252E-01
  0.111E+01  0.000E+00  0.108E+01  0.000E+00  0.901E+00  0.101E+00
  0.110E+01  0.000E+00  0.107E+01  0.000E+00  0.891E+00  0.176E+00
  0.109E+01  0.000E+00  0.106E+01  0.000E+00  0.881E+00  0.303E+00
  0.109E+01  0.000E+00  0.105E+01  0.000E+00  0.871E+00  0.378E+00
  0.108E+01  0.000E+00  0.105E+01  0.000E+00  0.861E+00  0.655E+00
  0.108E+01  0.000E+00  0.104E+01  0.000E+00  0.851E+00  0.113E+01
  0.107E+01  0.000E+00  0.103E+01  0.000E+00  0.841E+00  0.126E+01
  0.106E+01  0.000E+00  0.102E+01  0.604E+01  0.831E+00  0.182E+01
  0.106E+01  0.000E+00  0.101E+01  0.306E+01  0.821E+00  0.239E+01
  0.105E+01  0.000E+00  0.100E+01  0.379E+01  0.811E+00  0.262E+01
  0.104E+01  0.000E+00  0.992E+00  0.412E+01  0.801E+00  0.297E+01
  0.104E+01  0.000E+00  0.983E+00  0.507E+01  0.791E+00  0.403E+01
  0.103E+01  0.000E+00  0.974E+00  0.546E+01  0.781E+00  0.376E+01
  0.102E+01  0.636E+02  0.965E+00  0.529E+01  0.771E+00  0.504E+01
  0.102E+01  0.738E+01  0.956E+00  0.549E+01  0.761E+00  0.512E+01
  0.101E+01  0.828E+01  0.947E+00  0.582E+01  0.751E+00  0.451E+01
  0.101E+01  0.755E+01  0.938E+00  0.518E+01  0.741E+00  0.502E+01
  0.100E+01  0.730E+01  0.929E+00  0.546E+01  0.732E+00  0.487E+01
  0.994E+00  0.689E+01  0.919E+00  0.510E+01  0.721E+00  0.497E+01
  0.988E+00  0.566E+01  0.910E+00  0.457E+01  0.711E+00  0.532E+01
  0.982E+00  0.558E+01  0.901E+00  0.451E+01  0.701E+00  0.476E+01
  0.975E+00  0.525E+01  0.892E+00  0.479E+01  0.692E+00  0.376E+01
  0.969E+00  0.492E+01  0.883E+00  0.401E+01  0.682E+00  0.414E+01
  0.963E+00  0.414E+01  0.874E+00  0.437E+01  0.672E+00  0.366E+01
  0.957E+00  0.455E+01  0.865E+00  0.340E+01  0.662E+00  0.315E+01
  0.950E+00  0.271E+01  0.856E+00  0.315E+01  0.652E+00  0.338E+01
  0.944E+00  0.295E+01  0.847E+00  0.290E+01  0.642E+00  0.305E+01
  0.938E+00  0.275E+01  0.838E+00  0.201E+01  0.632E+00  0.235E+01
  0.932E+00  0.258E+01  0.829E+00  0.251E+01  0.622E+00  0.229E+01
  0.926E+00  0.254E+01  0.820E+00  0.192E+01  0.612E+00  0.212E+01
  0.919E+00  0.234E+01  0.811E+00  0.184E+01  0.602E+00  0.154E+01
  0.913E+00  0.209E+01  0.802E+00  0.156E+01  0.592E+00  0.156E+01
  0.907E+00  0.180E+01  0.793E+00  0.159E+01  0.582E+00  0.121E+01
  0.901E+00  0.115E+01  0.784E+00  0.137E+01  0.572E+00  0.136E+01
  0.895E+00  0.156E+01  0.775E+00  0.106E+01  0.562E+00  0.983E+00
  0.888E+00  0.111E+01  0.766E+00  0.975E+00  0.552E+00  0.103E+01
  0.882E+00  0.902E+00  0.756E+00  0.780E+00  0.542E+00  0.580E+00
  0.876E+00  0.943E+00  0.747E+00  0.724E+00  0.532E+00  0.655E+00
  0.870E+00  0.107E+01  0.738E+00  0.418E+00  0.522E+00  0.479E+00
  0.863E+00  0.697E+00  0.729E+00  0.474E+00  0.512E+00  0.227E+00
  0.857E+00  0.902E+00  0.720E+00  0.418E+00  0.502E+00  0.580E+00
  0.851E+00  0.287E+00  0.711E+00  0.306E+00  0.492E+00  0.378E+00
  0.845E+00  0.369E+00  0.702E+00  0.362E+00  0.482E+00  0.176E+00
  0.839E+00  0.820E+00  0.693E+00  0.139E+00  0.472E+00  0.176E+00
  0.832E+00  0.410E+00  0.684E+00  0.334E+00  0.462E+00  0.756E-01
