C FILENAME: PAXF1.PDF
CC Propane Jet in Coflowing Air Stream
CC PDF of Mixture Fraction Measured using Rayleigh
CC Centerline Profile, Radial Position, y/D=    0.00
CC Bulk Jet Velocity=53 m/s, Jet Reynolds No.=68168
CC Coflowing Air Velocity=9.5 m/s
CC                            
CC     x/D=   1.78           x/D=   3.08          x/D=   3.75
CC    f          P(f)       f        P(f)        f         P(f) 
  0.111E+01  0.000E+00  0.106E+01  0.000E+00  0.109E+01  0.000E+00
  0.111E+01  0.000E+00  0.106E+01  0.000E+00  0.109E+01  0.000E+00
  0.111E+01  0.000E+00  0.105E+01  0.000E+00  0.109E+01  0.000E+00
  0.111E+01  0.000E+00  0.105E+01  0.000E+00  0.109E+01  0.000E+00
  0.111E+01  0.000E+00  0.105E+01  0.000E+00  0.108E+01  0.000E+00
  0.111E+01  0.000E+00  0.105E+01  0.000E+00  0.108E+01  0.000E+00
  0.111E+01  0.000E+00  0.105E+01  0.000E+00  0.108E+01  0.000E+00
  0.111E+01  0.000E+00  0.105E+01  0.000E+00  0.108E+01  0.000E+00
  0.111E+01  0.000E+00  0.105E+01  0.000E+00  0.107E+01  0.000E+00
  0.110E+01  0.000E+00  0.105E+01  0.000E+00  0.107E+01  0.000E+00
  0.110E+01  0.000E+00  0.105E+01  0.000E+00  0.107E+01  0.000E+00
  0.110E+01  0.000E+00  0.105E+01  0.000E+00  0.107E+01  0.000E+00
  0.110E+01  0.000E+00  0.105E+01  0.000E+00  0.106E+01  0.000E+00
  0.110E+01  0.000E+00  0.104E+01  0.000E+00  0.106E+01  0.000E+00
  0.110E+01  0.000E+00  0.104E+01  0.000E+00  0.106E+01  0.000E+00
  0.110E+01  0.000E+00  0.104E+01  0.000E+00  0.106E+01  0.000E+00
  0.110E+01  0.000E+00  0.104E+01  0.000E+00  0.105E+01  0.000E+00
  0.109E+01  0.000E+00  0.104E+01  0.000E+00  0.105E+01  0.000E+00
  0.109E+01  0.000E+00  0.104E+01  0.000E+00  0.105E+01  0.000E+00
  0.109E+01  0.529E+03  0.104E+01  0.000E+00  0.105E+01  0.000E+00
  0.109E+01  0.827E+01  0.104E+01  0.000E+00  0.105E+01  0.000E+00
  0.109E+01  0.121E+02  0.104E+01  0.000E+00  0.104E+01  0.000E+00
  0.109E+01  0.161E+02  0.104E+01  0.000E+00  0.104E+01  0.395E+03
  0.109E+01  0.121E+02  0.104E+01  0.108E+04  0.104E+01  0.306E+01
  0.109E+01  0.114E+02  0.103E+01  0.284E+01  0.104E+01  0.362E+01
  0.109E+01  0.107E+02  0.103E+01  0.199E+01  0.103E+01  0.373E+01
  0.108E+01  0.123E+02  0.103E+01  0.142E+01  0.103E+01  0.306E+01
  0.108E+01  0.103E+02  0.103E+01  0.199E+01  0.103E+01  0.226E+01
  0.108E+01  0.148E+02  0.103E+01  0.341E+01  0.103E+01  0.249E+01
  0.108E+01  0.127E+02  0.103E+01  0.852E+00  0.103E+01  0.328E+01
  0.108E+01  0.101E+02  0.103E+01  0.284E+01  0.102E+01  0.283E+01
  0.108E+01  0.109E+02  0.103E+01  0.199E+01  0.102E+01  0.181E+01
  0.108E+01  0.121E+02  0.103E+01  0.170E+01  0.102E+01  0.181E+01
  0.108E+01  0.782E+01  0.103E+01  0.142E+01  0.102E+01  0.181E+01
  0.107E+01  0.105E+02  0.103E+01  0.142E+01  0.101E+01  0.238E+01
  0.107E+01  0.132E+02  0.102E+01  0.568E+00  0.101E+01  0.181E+01
  0.107E+01  0.917E+01  0.102E+01  0.852E+00  0.101E+01  0.170E+01
  0.107E+01  0.103E+02  0.102E+01  0.284E+00  0.101E+01  0.158E+01
  0.107E+01  0.161E+02  0.102E+01  0.227E+01  0.101E+01  0.238E+01
  0.107E+01  0.121E+02  0.102E+01  0.852E+00  0.100E+01  0.905E+00
  0.107E+01  0.125E+02  0.102E+01  0.568E+00  0.100E+01  0.905E+00
  0.107E+01  0.119E+02  0.102E+01  0.852E+00  0.999E+00  0.113E+01
  0.107E+01  0.123E+02  0.102E+01  0.000E+00  0.997E+00  0.905E+00
  0.106E+01  0.109E+02  0.102E+01  0.142E+01  0.995E+00  0.113E+01
  0.106E+01  0.112E+02  0.102E+01  0.568E+00  0.992E+00  0.679E+00
  0.106E+01  0.154E+02  0.102E+01  0.142E+01  0.990E+00  0.566E+00
  0.106E+01  0.872E+01  0.101E+01  0.284E+00  0.988E+00  0.905E+00
  0.106E+01  0.782E+01  0.101E+01  0.852E+00  0.986E+00  0.566E+00
  0.106E+01  0.581E+01  0.101E+01  0.284E+00  0.983E+00  0.566E+00
  0.106E+01  0.492E+01  0.101E+01  0.568E+00  0.981E+00  0.340E+00
