C FILENAME: PAXF5.PDF
CC Propane Jet in Coflowing Air Stream
CC PDF of Mixture Fraction Measured using Rayleigh
CC Centerline Profile, Radial Position, y/D=    0.00
CC Bulk Jet Velocity=53 m/s, Jet Reynolds No.=68168
CC Coflowing Air Velocity=9.5 m/s
CC                            
CC     x/D=  48.34           x/D=  62.42          x/D=   0.00
CC    f          P(f)       f        P(f)        f         P(f) 
  0.239E+00  0.000E+00  0.195E+00  0.145E+00  0.000E+00  0.000E+00
  0.235E+00  0.122E+00  0.191E+00  0.000E+00  0.000E+00  0.000E+00
  0.230E+00  0.122E+00  0.188E+00  0.363E+00  0.000E+00  0.000E+00
  0.226E+00  0.184E+00  0.184E+00  0.291E+00  0.000E+00  0.000E+00
  0.222E+00  0.428E+00  0.181E+00  0.218E+00  0.000E+00  0.000E+00
  0.218E+00  0.245E+00  0.177E+00  0.291E+00  0.000E+00  0.000E+00
  0.214E+00  0.612E+00  0.174E+00  0.582E+00  0.000E+00  0.000E+00
  0.210E+00  0.673E+00  0.171E+00  0.654E+00  0.000E+00  0.000E+00
  0.206E+00  0.128E+01  0.167E+00  0.124E+01  0.000E+00  0.000E+00
  0.202E+00  0.153E+01  0.164E+00  0.800E+00  0.000E+00  0.000E+00
  0.198E+00  0.245E+01  0.160E+00  0.211E+01  0.000E+00  0.000E+00
  0.193E+00  0.251E+01  0.157E+00  0.305E+01  0.000E+00  0.000E+00
  0.189E+00  0.453E+01  0.153E+00  0.334E+01  0.000E+00  0.000E+00
  0.185E+00  0.404E+01  0.150E+00  0.465E+01  0.000E+00  0.000E+00
  0.181E+00  0.465E+01  0.147E+00  0.632E+01  0.000E+00  0.000E+00
  0.177E+00  0.642E+01  0.143E+00  0.487E+01  0.000E+00  0.000E+00
  0.173E+00  0.710E+01  0.140E+00  0.981E+01  0.000E+00  0.000E+00
  0.169E+00  0.991E+01  0.136E+00  0.111E+02  0.000E+00  0.000E+00
  0.165E+00  0.997E+01  0.133E+00  0.109E+02  0.000E+00  0.000E+00
  0.161E+00  0.109E+02  0.129E+00  0.109E+02  0.000E+00  0.000E+00
  0.157E+00  0.120E+02  0.126E+00  0.171E+02  0.000E+00  0.000E+00
  0.153E+00  0.112E+02  0.122E+00  0.180E+02  0.000E+00  0.000E+00
  0.148E+00  0.137E+02  0.119E+00  0.177E+02  0.000E+00  0.000E+00
  0.144E+00  0.138E+02  0.115E+00  0.153E+02  0.000E+00  0.000E+00
  0.140E+00  0.130E+02  0.112E+00  0.181E+02  0.000E+00  0.000E+00
  0.136E+00  0.105E+02  0.109E+00  0.170E+02  0.000E+00  0.000E+00
  0.132E+00  0.100E+02  0.105E+00  0.145E+02  0.000E+00  0.000E+00
  0.128E+00  0.121E+02  0.102E+00  0.164E+02  0.000E+00  0.000E+00
  0.124E+00  0.936E+01  0.982E-01  0.146E+02  0.000E+00  0.000E+00
  0.120E+00  0.105E+02  0.948E-01  0.851E+01  0.000E+00  0.000E+00
  0.116E+00  0.838E+01  0.913E-01  0.902E+01  0.000E+00  0.000E+00
  0.112E+00  0.661E+01  0.879E-01  0.647E+01  0.000E+00  0.000E+00
  0.107E+00  0.728E+01  0.844E-01  0.705E+01  0.000E+00  0.000E+00
  0.103E+00  0.624E+01  0.810E-01  0.734E+01  0.000E+00  0.000E+00
  0.992E-01  0.600E+01  0.775E-01  0.502E+01  0.000E+00  0.000E+00
  0.951E-01  0.489E+01  0.741E-01  0.531E+01  0.000E+00  0.000E+00
  0.910E-01  0.477E+01  0.706E-01  0.349E+01  0.000E+00  0.000E+00
  0.869E-01  0.263E+01  0.672E-01  0.313E+01  0.000E+00  0.000E+00
  0.828E-01  0.281E+01  0.637E-01  0.240E+01  0.000E+00  0.000E+00
  0.787E-01  0.190E+01  0.603E-01  0.320E+01  0.000E+00  0.000E+00
  0.746E-01  0.208E+01  0.568E-01  0.204E+01  0.000E+00  0.000E+00
  0.705E-01  0.135E+01  0.534E-01  0.138E+01  0.000E+00  0.000E+00
  0.664E-01  0.135E+01  0.499E-01  0.945E+00  0.000E+00  0.000E+00
  0.623E-01  0.110E+01  0.465E-01  0.138E+01  0.000E+00  0.000E+00
  0.582E-01  0.116E+01  0.430E-01  0.109E+01  0.000E+00  0.000E+00
  0.541E-01  0.734E+00  0.396E-01  0.363E+00  0.000E+00  0.000E+00
  0.500E-01  0.428E+00  0.362E-01  0.800E+00  0.000E+00  0.000E+00
  0.459E-01  0.000E+00  0.327E-01  0.654E+00  0.000E+00  0.000E+00
  0.418E-01  0.122E+00  0.293E-01  0.727E-01  0.000E+00  0.000E+00
  0.377E-01  0.367E+00  0.258E-01  0.291E+00  0.000E+00  0.000E+00
