variables="x","C<sub>f<\sub>"
zone, t="CFL3D"
  1.000000050000000E-003  1.553966380000000E-002
  2.001968450000000E-003  6.429203790000000E-003
  3.005924400000000E-003  5.802731500000000E-003
  4.011887590000000E-003  5.511601920000000E-003
  5.019877570000000E-003  5.329249890000000E-003
  6.029913670000000E-003  5.205283410000000E-003
  7.042016370000000E-003  5.112470590000000E-003
  8.056204770000000E-003  5.039676560000000E-003
  9.072500280000000E-003  4.980175290000000E-003
  1.009092200000000E-002  4.930062690000000E-003
  1.111149140000000E-002  4.886687270000000E-003
  1.213422790000000E-002  4.848265550000000E-003
  1.315915210000000E-002  4.813555630000000E-003
  1.418628640000000E-002  4.781695550000000E-003
  1.521565020000000E-002  4.752081820000000E-003
  1.624726500000000E-002  4.724281370000000E-003
  1.728115420000000E-002  4.697978960000000E-003
  1.831733440000000E-002  4.672940350000000E-003
  1.935583350000000E-002  4.648986270000000E-003
  2.039666850000000E-002  4.625979810000000E-003
  2.143986150000000E-002  4.603813870000000E-003
  2.248543690000000E-002  4.582402760000000E-003
  2.353341690000000E-002  4.561676640000000E-003
  2.458382210000000E-002  4.541578700000000E-003
  2.563667670000000E-002  4.522058650000000E-003
  2.669200110000000E-002  4.503075500000000E-003
  2.774982150000000E-002  4.484592470000000E-003
  2.881015840000000E-002  4.466578360000000E-003
  2.987303580000000E-002  4.449005240000000E-003
  3.093848000000000E-002  4.431848410000000E-003
  3.200650960000000E-002  4.415085540000000E-003
  3.307715060000000E-002  4.398696590000000E-003
  3.415042910000000E-002  4.382663410000000E-003
  3.522636740000000E-002  4.366969220000000E-003
  3.630498800000000E-002  4.351599140000000E-003
  3.738632050000000E-002  4.336538720000000E-003
  3.847038750000000E-002  4.321775860000000E-003
  3.955721110000000E-002  4.307297990000000E-003
  4.064681750000000E-002  4.293094850000000E-003
  4.173923660000000E-002  4.279155750000000E-003
  4.283448680000000E-002  4.265470900000000E-003
  4.393260180000000E-002  4.252031910000000E-003
  4.503360020000000E-002  4.238829950000000E-003
  4.613751550000000E-002  4.225856620000000E-003
  4.724436630000000E-002  4.213104960000000E-003
  4.835418610000000E-002  4.200567030000000E-003
  4.946699740000000E-002  4.188236780000000E-003
  5.058282990000000E-002  4.176107240000000E-003
  5.170170960000000E-002  4.164171870000000E-003
  5.282366650000000E-002  4.152425560000000E-003
  5.394872280000000E-002  4.140861800000000E-003
  5.507691580000000E-002  4.129475910000000E-003
  5.620826410000000E-002  4.118262790000000E-003
  5.734280120000000E-002  4.107216840000000E-003
  5.848055330000000E-002  4.096333870000000E-003
  5.962155390000000E-002  4.085609690000000E-003
  6.076582890000000E-002  4.075039180000000E-003
  6.191340830000000E-002  4.064618610000000E-003
  6.306432190000000E-002  4.054343790000000E-003
  6.421860309999999E-002  4.044211470000000E-003
  6.537627430000000E-002  4.034216980000000E-003
  6.653737279999999E-002  4.024357530000000E-003
  6.770192830000001E-002  4.014629400000000E-003
  6.886997820000000E-002  4.005029330000000E-003
  7.004153730000000E-002  3.995554060000000E-003
  7.121665030000000E-002  3.986200320000000E-003
  7.239534709999999E-002  3.976965790000000E-003
  7.357765730000000E-002  3.967846740000000E-003
  7.476361840000000E-002  3.958841320000000E-003
  7.595326010000000E-002  3.949945790000000E-003
  7.714661210000000E-002  3.941158300000000E-003
  7.834371919999999E-002  3.932476510000000E-003
  7.954459640000000E-002  3.923897170000000E-003
  8.074929570000000E-002  3.915418410000000E-003
  8.195784690000001E-002  3.907038360000000E-003
  8.317027990000000E-002  3.898753780000000E-003
  8.438663180000000E-002  3.890563270000000E-003
  8.560694010000000E-002  3.882464490000000E-003
  8.683124180000000E-002  3.874455580000000E-003
  8.805956690000000E-002  3.866534450000000E-003
  8.929195260000000E-002  3.858699230000000E-003
  9.052844350000000E-002  3.850948070000000E-003
  9.176907690000000E-002  3.843279090000000E-003
  9.301388260000000E-002  3.835690670000000E-003
  9.426289800000000E-002  3.828180950000000E-003
  9.551616759999999E-002  3.820748530000000E-003
  9.677372130000000E-002  3.813391550000000E-003
  9.803561120000000E-002  3.806108610000000E-003
  9.930186720000000E-002  3.798898080000000E-003
  0.100572534000000       3.791758560000000E-003
  0.101847649000000       3.784688660000000E-003
  0.103127249000000       3.777686970000000E-003
  0.104411386000000       3.770751880000000E-003
  0.105700091000000       3.763882210000000E-003
  0.106993407000000       3.757076800000000E-003
  0.108291380000000       3.750334490000000E-003
  0.109594055000000       3.743653650000000E-003
  0.110901475000000       3.737033110000000E-003
  0.112213671000000       3.730472180000000E-003
  0.113530703000000       3.723969220000000E-003
  0.114852607000000       3.717523530000000E-003
  0.116179429000000       3.711133730000000E-003
  0.117511220000000       3.704798870000000E-003
  0.118848018000000       3.698517800000000E-003
  0.120189868000000       3.692289580000000E-003
  0.121536829000000       3.686113520000000E-003
  0.122888938000000       3.679988210000000E-003
  0.124246247000000       3.673912960000000E-003
  0.125608802000000       3.667886600000000E-003
  0.126976654000000       3.661908670000000E-003
  0.128349841000000       3.655978010000000E-003
  0.129728436000000       3.650093920000000E-003
  0.131112471000000       3.644255220000000E-003
  0.132502005000000       3.638461700000000E-003
  0.133897096000000       3.632711950000000E-003
  0.135297775000000       3.627005500000000E-003
  0.136704117000000       3.621341430000000E-003
  0.138116151000000       3.615719270000000E-003
  0.139533952000000       3.610138080000000E-003
  0.140957579000000       3.604596950000000E-003
  0.142387062000000       3.599095620000000E-003
  0.143822476000000       3.593633180000000E-003
  0.145263880000000       3.588209160000000E-003
  0.146711320000000       3.582822390000000E-003
  0.148164853000000       3.577472870000000E-003
  0.149624541000000       3.572159450000000E-003
  0.151090443000000       3.566881870000000E-003
  0.152562618000000       3.561639230000000E-003
  0.154041126000000       3.556431270000000E-003
  0.155526027000000       3.551257310000000E-003
  0.157017380000000       3.546116410000000E-003
  0.158515260000000       3.541008570000000E-003
  0.160019726000000       3.535932860000000E-003
  0.161530837000000       3.530888820000000E-003
  0.163048655000000       3.525876210000000E-003
  0.164573237000000       3.520894100000000E-003
  0.166104674000000       3.515942260000000E-003
  0.167643011000000       3.511020220000000E-003
  0.169188336000000       3.506127050000000E-003
  0.170740694000000       3.501262980000000E-003
  0.172300175000000       3.496426860000000E-003
  0.173866838000000       3.491618670000000E-003
  0.175440744000000       3.486837960000000E-003
  0.177021995000000       3.482084020000000E-003
  0.178610638000000       3.477356630000000E-003
  0.180206746000000       3.472655310000000E-003
  0.181810409000000       3.467979610000000E-003
  0.183421686000000       3.463329050000000E-003
  0.185040668000000       3.458703400000000E-003
  0.186667427000000       3.454102200000000E-003
  0.188302055000000       3.449524990000000E-003
  0.189944595000000       3.444971280000000E-003
  0.191595152000000       3.440441100000000E-003
  0.193253815000000       3.435933730000000E-003
  0.194920644000000       3.431448710000000E-003
  0.196595743000000       3.426986050000000E-003
  0.198279172000000       3.422545270000000E-003
  0.199971035000000       3.418125910000000E-003
  0.201671422000000       3.413727740000000E-003
  0.203380406000000       3.409350290000000E-003
  0.205098078000000       3.404993330000000E-003
  0.206824541000000       3.400656630000000E-003
  0.208559871000000       3.396339710000000E-003
  0.210304171000000       3.392042360000000E-003
  0.212057531000000       3.387764100000000E-003
  0.213820040000000       3.383504930000000E-003
  0.215591788000000       3.379264150000000E-003
  0.217372894000000       3.375041760000000E-003
  0.219163433000000       3.370837310000000E-003
  0.220963523000000       3.366650780000000E-003
  0.222773254000000       3.362481720000000E-003
  0.224592730000000       3.358329650000000E-003
  0.226422057000000       3.354194570000000E-003
  0.228261337000000       3.350076030000000E-003
  0.230110675000000       3.345974020000000E-003
  0.231970191000000       3.341888080000000E-003
  0.233839974000000       3.337817970000000E-003
  0.235720143000000       3.333763450000000E-003
  0.237610832000000       3.329724070000000E-003
  0.239512116000000       3.325700060000000E-003
  0.241424143000000       3.321690720000000E-003
  0.243347019000000       3.317696040000000E-003
  0.245280847000000       3.313715570000000E-003
  0.247225776000000       3.309749530000000E-003
  0.249181896000000       3.305797230000000E-003
  0.251149356000000       3.301858440000000E-003
  0.253128290000000       3.297933380000000E-003
  0.255118787000000       3.294021360000000E-003
  0.257120997000000       3.290122370000000E-003
  0.259135067000000       3.286235970000000E-003
  0.261161119000000       3.282362360000000E-003
  0.263199270000000       3.278501100000000E-003
  0.265249670000000       3.274651940000000E-003
  0.267312437000000       3.270814660000000E-003
  0.269387752000000       3.266989020000000E-003
  0.271475732000000       3.263175020000000E-003
  0.273576528000000       3.259372430000000E-003
  0.275690287000000       3.255580780000000E-003
  0.277817160000000       3.251800080000000E-003
  0.279957294000000       3.248030320000000E-003
  0.282110840000000       3.244270800000000E-003
  0.284277946000000       3.240521760000000E-003
  0.286458790000000       3.236782970000000E-003
  0.288653523000000       3.233053950000000E-003
  0.290862322000000       3.229334950000000E-003
  0.293085307000000       3.225625490000000E-003
  0.295322686000000       3.221925350000000E-003
  0.297574639000000       3.218234520000000E-003
  0.299841315000000       3.214552770000000E-003
  0.302122891000000       3.210879860000000E-003
  0.304419547000000       3.207215570000000E-003
  0.306731462000000       3.203560130000000E-003
  0.309058845000000       3.199912840000000E-003
  0.311401844000000       3.196273700000000E-003
  0.313760698000000       3.192642700000000E-003
  0.316135526000000       3.189019630000000E-003
  0.318526596000000       3.185404230000000E-003
  0.320934087000000       3.181796290000000E-003
  0.323358178000000       3.178195800000000E-003
  0.325799078000000       3.174602520000000E-003
  0.328257024000000       3.171016460000000E-003
  0.330732197000000       3.167437160000000E-003
  0.333224833000000       3.163864600000000E-003
  0.335735142000000       3.160298570000000E-003
  0.338263363000000       3.156739050000000E-003
  0.340809703000000       3.153185830000000E-003
  0.343374401000000       3.149638650000000E-003
  0.345957696000000       3.146097300000000E-003
  0.348559797000000       3.142562000000000E-003
  0.351181000000000       3.139032280000000E-003
  0.353821486000000       3.135508160000000E-003
  0.356481552000000       3.131989390000000E-003
  0.359161437000000       3.128475740000000E-003
  0.361861408000000       3.124967220000000E-003
  0.364581734000000       3.121463580000000E-003
  0.367322624000000       3.117964840000000E-003
  0.370084435000000       3.114470510000000E-003
  0.372867405000000       3.110980850000000E-003
  0.375671804000000       3.107495610000000E-003
  0.378497928000000       3.104014550000000E-003
  0.381346077000000       3.100537460000000E-003
  0.384216547000000       3.097064330000000E-003
  0.387109637000000       3.093594920000000E-003
  0.390025645000000       3.090129230000000E-003
  0.392964900000000       3.086667040000000E-003
  0.395927697000000       3.083208110000000E-003
  0.398914397000000       3.079752440000000E-003
  0.401925325000000       3.076299790000000E-003
  0.404960781000000       3.072850170000000E-003
  0.408021122000000       3.069403350000000E-003
  0.411106735000000       3.065959320000000E-003
  0.414217919000000       3.062517620000000E-003
  0.417355090000000       3.059078470000000E-003
  0.420518577000000       3.055641430000000E-003
  0.423708767000000       3.052206480000000E-003
  0.426926076000000       3.048773620000000E-003
  0.430170834000000       3.045342400000000E-003
  0.433443457000000       3.041913030000000E-003
  0.436744392000000       3.038485300000000E-003
  0.440073997000000       3.035058970000000E-003
  0.443432748000000       3.031633790000000E-003
  0.446821034000000       3.028209790000000E-003
  0.450239301000000       3.024786940000000E-003
  0.453687996000000       3.021364800000000E-003
  0.457167566000000       3.017943590000000E-003
  0.460678488000000       3.014522840000000E-003
  0.464221239000000       3.011102560000000E-003
  0.467796296000000       3.007682510000000E-003
  0.471404135000000       3.004262920000000E-003
  0.475045294000000       3.000843110000000E-003
  0.478720278000000       2.997423290000000E-003
  0.482429564000000       2.994003470000000E-003
  0.486173749000000       2.990582960000000E-003
  0.489953339000000       2.987162210000000E-003
  0.493768901000000       2.983740760000000E-003
  0.497621000000000       2.980318390000000E-003
  0.501510203000000       2.976895080000000E-003
  0.505437136000000       2.973470840000000E-003
  0.509402394000000       2.970045430000000E-003
  0.513406575000000       2.966618400000000E-003
  0.517450333000000       2.963190200000000E-003
  0.521534264000000       2.959760140000000E-003
  0.525659084000000       2.956328450000000E-003
  0.529825449000000       2.952894660000000E-003
  0.534034073000000       2.949459010000000E-003
  0.538285613000000       2.946021040000000E-003
  0.542580783000000       2.942580500000000E-003
  0.546920359000000       2.939137630000000E-003
  0.551304996000000       2.935692200000000E-003
  0.555735588000000       2.932243750000000E-003
  0.560212910000000       2.928792500000000E-003
  0.564737678000000       2.925337990000000E-003
  0.569310725000000       2.921880460000000E-003
  0.573933005000000       2.918419200000000E-003
  0.578605235000000       2.914954440000000E-003
  0.583328366000000       2.911485960000000E-003
  0.588103294000000       2.908013760000000E-003
  0.592930913000000       2.904537370000000E-003
  0.597812235000000       2.901056780000000E-003
  0.602748156000000       2.897571770000000E-003
  0.607739687000000       2.894082110000000E-003
  0.612787843000000       2.890587780000000E-003
  0.617893636000000       2.887088810000000E-003
  0.623058200000000       2.883584700000000E-003
  0.628282547000000       2.880075250000000E-003
  0.633567870000000       2.876560440000000E-003
  0.638915241000000       2.873040270000000E-003
  0.644325852000000       2.869514280000000E-003
  0.649800956000000       2.865982240000000E-003
  0.655341744000000       2.862444380000000E-003
  0.660949469000000       2.858900230000000E-003
  0.666625440000000       2.855349330000000E-003
  0.672371030000000       2.851792150000000E-003
  0.678187490000000       2.848227970000000E-003
  0.684076369000000       2.844656820000000E-003
  0.690039039000000       2.841078680000000E-003
  0.696076930000000       2.837492850000000E-003
  0.702191651000000       2.833899580000000E-003
  0.708384693000000       2.830298620000000E-003
  0.714657664000000       2.826689740000000E-003
  0.721012235000000       2.823072490000000E-003
  0.727450073000000       2.819446850000000E-003
  0.733972907000000       2.815812830000000E-003
  0.740582585000000       2.812169730000000E-003
  0.747280836000000       2.808517780000000E-003
  0.754069626000000       2.804856750000000E-003
  0.760950863000000       2.801185940000000E-003
  0.767926574000000       2.797505820000000E-003
  0.774998784000000       2.793815450000000E-003
  0.782169580000000       2.790115080000000E-003
  0.789441168000000       2.786404450000000E-003
  0.796815813000000       2.782683120000000E-003
  0.804295838000000       2.778950850000000E-003
  0.811883509000000       2.775207630000000E-003
  0.819581389000000       2.771453000000000E-003
  0.827391982000000       2.767686960000000E-003
  0.835317791000000       2.763908820000000E-003
  0.843361616000000       2.760118800000000E-003
  0.851526141000000       2.756316210000000E-003
  0.859814286000000       2.752501050000000E-003
  0.868228912000000       2.748672850000000E-003
  0.876773179000000       2.744831610000000E-003
  0.885450065000000       2.740976870000000E-003
  0.894262850000000       2.737108150000000E-003
  0.903214991000000       2.733225470000000E-003
  0.912309766000000       2.729328350000000E-003
  0.921550870000000       2.725416560000000E-003
  0.930941939000000       2.721489640000000E-003
  0.940486789000000       2.717547350000000E-003
  0.950189352000000       2.713588530000000E-003
  0.960053682000000       2.709612950000000E-003
  0.970084071000000       2.705621530000000E-003
  0.980284810000000       2.701616380000000E-003
  0.990660429000000       2.697607500000000E-003
   1.00121558000000       2.693563930000000E-003
   1.01195526000000       2.689494290000000E-003
   1.02269483000000       2.685482380000000E-003
   1.03343451000000       2.681530550000000E-003
   1.04417408000000       2.677617830000000E-003
   1.05491364000000       2.673753300000000E-003
   1.06565332000000       2.669933720000000E-003
   1.07639289000000       2.666159300000000E-003
   1.08713257000000       2.662428890000000E-003
   1.09787214000000       2.658742250000000E-003
   1.10861182000000       2.655098210000000E-003
   1.11935139000000       2.651496320000000E-003
   1.13009095000000       2.647935410000000E-003
   1.14083064000000       2.644415010000000E-003
   1.15157020000000       2.640934200000000E-003
   1.16230989000000       2.637492490000000E-003
   1.17304945000000       2.634088970000000E-003
   1.18378913000000       2.630722940000000E-003
   1.19452870000000       2.627393700000000E-003
   1.20526838000000       2.624100540000000E-003
   1.21600795000000       2.620843010000000E-003
   1.22674751000000       2.617620400000000E-003
   1.23748720000000       2.614432010000000E-003
   1.24822676000000       2.611277160000000E-003
   1.25896645000000       2.608155370000000E-003
   1.26970601000000       2.605065940000000E-003
   1.28044569000000       2.602008640000000E-003
   1.29118526000000       2.598982540000000E-003
   1.30192482000000       2.595987170000000E-003
   1.31266451000000       2.593022070000000E-003
   1.32340407000000       2.590086780000000E-003
   1.33414376000000       2.587180580000000E-003
   1.34488332000000       2.584303260000000E-003
   1.35562301000000       2.581454110000000E-003
   1.36636257000000       2.578632910000000E-003
   1.37710226000000       2.575839170000000E-003
   1.38784182000000       2.573072210000000E-003
   1.39858139000000       2.570331560000000E-003
   1.40932107000000       2.567617220000000E-003
   1.42006063000000       2.564928490000000E-003
   1.43080032000000       2.562264910000000E-003
   1.44153988000000       2.559626240000000E-003
   1.45227957000000       2.557012020000000E-003
   1.46301913000000       2.554422010000000E-003
   1.47375882000000       2.551855520000000E-003
   1.48449838000000       2.549312780000000E-003
   1.49523795000000       2.546792850000000E-003
   1.50597763000000       2.544295740000000E-003
   1.51671720000000       2.541820980000000E-003
   1.52745688000000       2.539368580000000E-003
   1.53819644000000       2.536937590000000E-003
   1.54893613000000       2.534528500000000E-003
   1.55967569000000       2.532140350000000E-003
   1.57041526000000       2.529773400000000E-003
   1.58115494000000       2.527427160000000E-003
   1.59189451000000       2.525101180000000E-003
   1.60263419000000       2.522795690000000E-003
   1.61337376000000       2.520510000000000E-003
   1.62411344000000       2.518244320000000E-003
   1.63485301000000       2.515997970000000E-003
   1.64559269000000       2.513771410000000E-003
   1.65633225000000       2.511563940000000E-003
   1.66707182000000       2.509375570000000E-003
   1.67781150000000       2.507206290000000E-003
   1.68855107000000       2.505055860000000E-003
   1.69929075000000       2.502924530000000E-003
   1.71003032000000       2.500811820000000E-003
   1.72077000000000       2.498717750000000E-003
   1.73150957000000       2.496642760000000E-003
   1.74224913000000       2.494586400000000E-003
   1.75298882000000       2.492549130000000E-003
   1.76372838000000       2.490531190000000E-003
   1.77446806000000       2.488532570000000E-003
   1.78520763000000       2.486553740000000E-003
   1.79594731000000       2.484595170000000E-003
   1.80668688000000       2.482657320000000E-003
   1.81742656000000       2.480741120000000E-003
   1.82816613000000       2.478847280000000E-003
   1.83890569000000       2.476977180000000E-003
   1.84964538000000       2.475132470000000E-003
   1.86038494000000       2.473314760000000E-003
   1.87112463000000       2.471527080000000E-003
   1.88186419000000       2.469772470000000E-003
   1.89260387000000       2.468055580000000E-003
   1.90334344000000       2.466381290000000E-003
   1.91408300000000       2.464755900000000E-003
   1.92482269000000       2.463187560000000E-003
   1.93556225000000       2.461697670000000E-003
   1.94630194000000       2.460321880000000E-003
   1.95704150000000       2.459152830000000E-003
   1.96778119000000       2.458121390000000E-003
   1.97852075000000       2.457757010000000E-003
   1.98926044000000       2.456017300000000E-003
zone, t="FUN3D"
  1.000000000000000E-003  9.484483881788620E-003
  2.001968367040000E-003  5.809713097037940E-003
  3.005924417460000E-003  5.583977518808550E-003
  4.011887597850000E-003  5.427359522605260E-003
  5.019877486630000E-003  5.293891980575120E-003
  6.029913795760000E-003  5.187444602842290E-003
  7.042016372410000E-003  5.102215924929190E-003
  8.056205200680001E-003  5.033467601258430E-003
  9.072500403280000E-003  4.976543616024960E-003
  1.009092224330000E-002  4.928131444679180E-003
  1.111149112600000E-002  4.885812735392580E-003
  1.213422760060000E-002  4.847974560566640E-003
  1.315915236190000E-002  4.813514420455700E-003
  1.418628625240000E-002  4.781685502473690E-003
  1.521565026420000E-002  4.751963520586210E-003
  1.624726554020000E-002  4.723973712521960E-003
  1.728115337710000E-002  4.697439497981690E-003
  1.831733522620000E-002  4.672151868482450E-003
  1.935583269620000E-002  4.647948663395930E-003
  2.039666755470000E-002  4.624701511065980E-003
  2.143986173040000E-002  4.602307030994080E-003
  2.248543731500000E-002  4.580680858406240E-003
  2.353341656520000E-002  4.559753183619020E-003
  2.458382190520000E-002  4.539465507289070E-003
  2.563667592810000E-002  4.519768298929910E-003
  2.669200139860000E-002  4.500619183147860E-003
  2.774982125500000E-002  4.481981579295200E-003
  2.881015861120000E-002  4.463823531309750E-003
  2.987303675910000E-002  4.446116709584670E-003
  3.093847917080000E-002  4.428835909058760E-003
  3.200650950080000E-002  4.411958554345510E-003
  3.307715158840000E-002  4.395464180123700E-003
  3.415042945990000E-002  4.379334144218310E-003
  3.522636733110000E-002  4.363551385691570E-003
  3.630498960970000E-002  4.348100284266070E-003
  3.738632089750000E-002  4.332966540948050E-003
  3.847038599290000E-002  4.318136966380850E-003
  3.955720989380000E-002  4.303599318526230E-003
  4.064681779960000E-002  4.289342177332060E-003
  4.173923511390000E-002  4.275354855499320E-003
  4.283448744720000E-002  4.261627373712610E-003
  4.393260061960000E-002  4.248150366005420E-003
  4.503360066310000E-002  4.234914980198620E-003
  4.613751382460000E-002  4.221912852786060E-003
  4.724436656870000E-002  4.209136075112910E-003
  4.835418558000000E-002  4.196577157201490E-003
  4.946699776660000E-002  4.184229001788030E-003
  5.058283026210000E-002  4.172084870198780E-003
  5.170171042950000E-002  4.160138353658430E-003
  5.282366586310000E-002  4.148383352835310E-003
  5.394872439230000E-002  4.136814053019990E-003
  5.507691408390000E-002  4.125424903103130E-003
  5.620826324590000E-002  4.114210600120670E-003
  5.734280042980000E-002  4.103166072952710E-003
  5.848055443450000E-002  4.092286468172290E-003
  5.962155430870000E-002  4.081567136365060E-003
  6.076582935500000E-002  4.071003619430140E-003
  6.191340913230000E-002  4.060591639069390E-003
  6.306432345960000E-002  4.050327086573180E-003
  6.421860241959999E-002  4.040206012911700E-003
  6.537627636149999E-002  4.030224619696030E-003
  6.653737590479999E-002  4.020379251026070E-003
  6.770193194290000E-002  4.010666385874340E-003
  6.886997564640000E-002  4.001082630844660E-003
  7.004153846699999E-002  3.991624713676080E-003
  7.121665214090001E-002  3.982289476946290E-003
  7.239534869270001E-002  3.973073872580750E-003
  7.357766043930000E-002  3.963974956674560E-003
  7.476361999340000E-002  3.954989884799410E-003
  7.595326026740000E-002  3.946115907522800E-003
  7.714661447790000E-002  3.937350366341420E-003
  7.834371614890000E-002  3.928690689718120E-003
  7.954459911660000E-002  3.920134389655320E-003
  8.074929753310001E-002  3.911679058113770E-003
  8.195784587050001E-002  3.903322363635770E-003
  8.317027892560000E-002  3.895062048151410E-003
  8.438663182389999E-002  3.886895923649730E-003
  8.560694002410001E-002  3.878821869279510E-003
  8.683123932219999E-002  3.870837828950390E-003
  8.805956585650000E-002  3.862941808931940E-003
  8.929195611220000E-002  3.855131875426010E-003
  9.052844692560000E-002  3.847406151370260E-003
  9.176907548900000E-002  3.839762814272590E-003
  9.301387935570000E-002  3.832200094390290E-003
  9.426289644490000E-002  3.824716272826460E-003
  9.551616504610000E-002  3.817309679614650E-003
  9.677372382500000E-002  3.809978691410360E-003
  9.803561182770000E-002  3.802721729870390E-003
  9.930186848649999E-002  3.795537260336680E-003
  0.100572533625000       3.788423789794630E-003
  0.101847647464000       3.781379865532200E-003
  0.103127250624000       3.774404073787790E-003
  0.104411384137000       3.767495038422980E-003
  0.105700089445000       3.760651419724360E-003
  0.106993408409000       3.753871912949160E-003
  0.108291383317000       3.747155247173570E-003
  0.109594056886000       3.740500184421680E-003
  0.110901472269000       3.733905518223810E-003
  0.112213673062000       3.727370072683150E-003
  0.113530703311000       3.720892701708660E-003
  0.114852607515000       3.714472287731850E-003
  0.116179430637000       3.708107740862750E-003
  0.117511218104000       3.701797998235790E-003
  0.118848015822000       3.695542022868390E-003
  0.120189870174000       3.689338802909340E-003
  0.121536828034000       3.683187351020900E-003
  0.122888936770000       3.677086703338500E-003
  0.124246244251000       3.671035918916320E-003
  0.125608798856000       3.665034079150010E-003
  0.126976649479000       3.659080286751140E-003
  0.128349845539000       3.653173665245210E-003
  0.129728436987000       3.647313358499440E-003
  0.131112474309000       3.641498529954640E-003
  0.132502008543000       3.635728361981670E-003
  0.133897091277000       3.630002055475010E-003
  0.135297774663000       3.624318829325900E-003
  0.136704111424000       3.618677919661860E-003
  0.138116154862000       3.613078579414330E-003
  0.139533958866000       3.607520078006020E-003
  0.140957577921000       3.602001700713370E-003
  0.142387067116000       3.596522748206570E-003
  0.143822482155000       3.591082536245930E-003
  0.145263879365000       3.585680395198760E-003
  0.146711315702000       3.580315669514710E-003
  0.148164848767000       3.574987717469790E-003
  0.149624536808000       3.569695910786070E-003
  0.151090438737000       3.564439634154120E-003
  0.152562614133000       3.559218284854030E-003
  0.154041123258000       3.554031272564330E-003
  0.155526027063000       3.548878018939920E-003
  0.157017387201000       3.543757957224850E-003
  0.158515266035000       3.538670532002320E-003
  0.160019726651000       3.533615198948070E-003
  0.161530832868000       3.528591424422090E-003
  0.163048649252000       3.523598685192960E-003
  0.164573241120000       3.518636468248170E-003
  0.166104674559000       3.513704270528930E-003
  0.167643016437000       3.508801598542910E-003
  0.169188334409000       3.503927968148410E-003
  0.170740696935000       3.499082904410740E-003
  0.172300173293000       3.494265941321860E-003
  0.173866833586000       3.489476621484690E-003
  0.175440748759000       3.484714495968230E-003
  0.177021990614000       3.479979124287630E-003
  0.178610631817000       3.475270074395440E-003
  0.180206745919000       3.470586919441770E-003
  0.181810407363000       3.465929239029650E-003
  0.183421691503000       3.461296629136090E-003
  0.185040674618000       3.456688693474710E-003
  0.186667433923000       3.452105031820540E-003
  0.188302047589000       3.447545248999370E-003
  0.189944594753000       3.443008963897200E-003
  0.191595155540000       3.438495804215540E-003
  0.193253811070000       3.434005400814360E-003
  0.194920643485000       3.429537391697790E-003
  0.196595735954000       3.425091421101440E-003
  0.198279172699000       3.420667137965780E-003
  0.199971039007000       3.416264196999530E-003
  0.201671421251000       3.411882257969820E-003
  0.203380406902000       3.407520986914050E-003
  0.205098084553000       3.403180057647720E-003
  0.206824543936000       3.398859147274820E-003
  0.208559875938000       3.394557936568240E-003
  0.210304172623000       3.390276114312720E-003
  0.212057527251000       3.386013371822210E-003
  0.213820034298000       3.381769403535310E-003
  0.215591789475000       3.377543912532790E-003
  0.217372889750000       3.373336605031220E-003
  0.219163433371000       3.369147191092000E-003
  0.220963519883000       3.364975386998080E-003
  0.222773250154000       3.360820909706670E-003
  0.224592726396000       3.356683480597680E-003
  0.226422052188000       3.352562828775060E-003
  0.228261332499000       3.348458686682200E-003
  0.230110673713000       3.344370789057720E-003
  0.231970183654000       3.340298873793230E-003
  0.233839971608000       3.336242682746130E-003
  0.235720148350000       3.332201961804850E-003
  0.237610826171000       3.328176460508870E-003
  0.239512118903000       3.324165932126550E-003
  0.241424141947000       3.320170132911650E-003
  0.243347012301000       3.316188822052250E-003
  0.245280848585000       3.312221762069090E-003
  0.247225771073000       3.308268718588740E-003
  0.249181901724000       3.304329460572530E-003
  0.251149364206000       3.300403759929740E-003
  0.253128283932000       3.296491391064990E-003
  0.255118788089000       3.292592131327560E-003
  0.257121005672000       3.288705761111690E-003
  0.259135067513000       3.284832063515460E-003
  0.261161106317000       3.280970824128490E-003
  0.263199256698000       3.277121831119450E-003
  0.265249655208000       3.273284875234960E-003
  0.267312440379000       3.269459749492800E-003
  0.269387752757000       3.265646249128140E-003
  0.271475734935000       3.261844171924660E-003
  0.273576531599000       3.258053318359600E-003
  0.275690289562000       3.254273491069910E-003
  0.277817157802000       3.250504494478730E-003
  0.279957287508000       3.246746135063890E-003
  0.282110832117000       3.242998221474210E-003
  0.284277947361000       3.239260564383990E-003
  0.286458791305000       3.235532976499450E-003
  0.288653524394000       3.231815272675980E-003
  0.290862309501000       3.228107270005760E-003
  0.293085311970000       3.224408786761790E-003
  0.295322699666000       3.220719642261200E-003
  0.297574643019000       3.217039658402530E-003
  0.299841315083000       3.213368659059760E-003
  0.302122891576000       3.209706469433380E-003
  0.304419550941000       3.206052916499500E-003
  0.306731474395000       3.202407828717280E-003
  0.309058845984000       3.198771035882930E-003
  0.311401852641000       3.195142369298290E-003
  0.313760684241000       3.191521661911530E-003
  0.316135533661000       3.187908748125350E-003
  0.318526596838000       3.184303463545280E-003
  0.320934072836000       3.180705644977040E-003
  0.323358163901000       3.177115130285260E-003
  0.325799075532000       3.173531759207590E-003
  0.328257016546000       3.169955373515830E-003
  0.330732199141000       3.166385814706450E-003
  0.333224838973000       3.162822924685290E-003
  0.335735155220000       3.159266547908680E-003
  0.338263370659000       3.155716529793820E-003
  0.340809711741000       3.152172716561860E-003
  0.343374408663000       3.148634955986830E-003
  0.345957695453000       3.145103096193620E-003
  0.348559810045000       3.141576986503260E-003
  0.351180994364000       3.138056477100230E-003
  0.353821494410000       3.134541418105740E-003
  0.356481560345000       3.131031661338790E-003
  0.359161446581000       3.127527060015400E-003
  0.361861411874000       3.124027467619150E-003
  0.364581719413000       3.120532738107210E-003
  0.367322636920000       3.117042726150800E-003
  0.370084436746000       3.113557287349350E-003
  0.372867395974000       3.110076278140640E-003
  0.375671796523000       3.106599555493210E-003
  0.378497925251000       3.103126976721650E-003
  0.381346074068000       3.099658399723350E-003
  0.384216540046000       3.096193683236550E-003
  0.387109625537000       3.092732686573030E-003
  0.390025638288000       3.089275269216360E-003
  0.392964891565000       3.085821290923280E-003
  0.395927704274000       3.082370612096950E-003
  0.398914401097000       3.078923093829890E-003
  0.401925312614000       3.075478597488390E-003
  0.404960775445000       3.072036984440970E-003
  0.408021132388000       3.068598116381960E-003
  0.411106732560000       3.065161855660940E-003
  0.414217931545000       3.061728064971370E-003
  0.417355091545000       3.058296606887530E-003
  0.420518581537000       3.054867344352180E-003
  0.423708777428000       3.051440140050540E-003
  0.426926062226000       3.048014856207270E-003
  0.430170826202000       3.044591356763070E-003
  0.433443467069000       3.041169506395080E-003
  0.436744390156000       3.037749167633010E-003
  0.440074008599000       3.034330203326080E-003
  0.443432743521000       3.030912477602930E-003
  0.446821024236000       3.027495853869660E-003
  0.450239288442000       3.024080195125160E-003
  0.453687982432000       3.020665364618070E-003
  0.457167561306000       3.017251225850760E-003
  0.460678489188000       3.013837641816360E-003
  0.464221239453000       3.010424475008020E-003
  0.467796294960000       3.007011587988830E-003
  0.471404148290000       3.003598843577320E-003
  0.475045301991000       3.000186104204400E-003
  0.478720268836000       2.996773231468160E-003
  0.482429572083000       2.993360086595530E-003
  0.486173745743000       2.989946530976970E-003
  0.489953334864000       2.986532425783960E-003
  0.493768895811000       2.983117631138570E-003
  0.497620996568000       2.979702006496280E-003
  0.501510217039000       2.976285411549680E-003
  0.505437149367000       2.972867705774300E-003
  0.509402398257000       2.969448747519730E-003
  0.513406581312000       2.966028394195350E-003
  0.517450329379000       2.962606503073810E-003
  0.521534286909000       2.959182931231600E-003
  0.525659112322000       2.955757534707260E-003
  0.529825478393000       2.952330168316060E-003
  0.534034072642000       2.948900686268080E-003
  0.538285597744000       2.945468942534620E-003
  0.542580771949000       2.942034790278980E-003
  0.546920329514000       2.938598081252970E-003
  0.551305021156000       2.935158666264390E-003
  0.555735614514000       2.931716395803640E-003
  0.560212894630000       2.928271119526230E-003
  0.564737664447000       2.924822685374810E-003
  0.569310745321000       2.921370939963820E-003
  0.573932977553000       2.917915729511150E-003
  0.578605220939000       2.914456899407400E-003
  0.583328355342000       2.910994293276530E-003
  0.588103281277000       2.907527753258340E-003
  0.592930920526000       2.904057120711160E-003
  0.597812216768000       2.900582236023450E-003
  0.602748136232000       2.897102937848440E-003
  0.607739668381000       2.893619063005000E-003
  0.612787826608000       2.890130447230340E-003
  0.617893648973000       2.886636925191390E-003
  0.623058198950000       2.883138329545580E-003
  0.628282566219000       2.879634490900190E-003
  0.633567867472000       2.876125238686640E-003
  0.638915247261000       2.872610401152820E-003
  0.644325878870000       2.869089804346400E-003
  0.649800965225000       2.865563271961670E-003
  0.655341739835000       2.862030626244860E-003
  0.660949467775000       2.858491687991300E-003
  0.666625446697000       2.854946275488850E-003
  0.672371007893000       2.851394204510160E-003
  0.678187517387000       2.847835289276510E-003
  0.684076377081000       2.844269342236970E-003
  0.690039025937000       2.840696172954760E-003
  0.696076941217000       2.837115588347420E-003
  0.702191639759000       2.833527393561670E-003
  0.708384679318000       2.829931391437960E-003
  0.714657659953000       2.826327381634410E-003
  0.721012225478000       2.822715161112380E-003
  0.727450064961000       2.819094524797220E-003
  0.733972914301000       2.815465264792000E-003
  0.740582557861000       2.811827169583470E-003
  0.747280830169000       2.808180024841770E-003
  0.754069617700000       2.804523613867000E-003
  0.760950860722000       2.800857716499360E-003
  0.767926555235000       2.797182108732240E-003
  0.774998754984000       2.793496563674760E-003
  0.782169573563000       2.789800851454680E-003
  0.789441186614000       2.786094738040210E-003
  0.796815834121000       2.782377985483830E-003
  0.804295822806000       2.778650352743670E-003
  0.811883528639000       2.774911594858660E-003
  0.819581399451000       2.771161462166200E-003
  0.827391957677000       2.767399701127610E-003
  0.835317803219000       2.763626054400190E-003
  0.843361616446000       2.759840259637470E-003
  0.851526161330000       2.756042049639950E-003
  0.859814288736000       2.752231153203020E-003
  0.868228939859000       2.748407294195630E-003
  0.876773149838000       2.744570190696750E-003
  0.885450051536000       2.740719555880490E-003
  0.894262879504000       2.736855097932220E-003
  0.903214974143000       2.732976518747530E-003
  0.912309786074000       2.729083514083870E-003
  0.921550880717000       2.725175773350690E-003
  0.930941943112000       2.721252977614810E-003
  0.940486782979000       2.717314801112030E-003
  0.950189340033000       2.713360920171320E-003
  0.960053689582000       2.709391016082370E-003
  0.970084048409000       2.705404725967780E-003
  0.980284780972000       2.701401474784760E-003
  0.990660405919000       2.697380849361050E-003
   1.00121560297000       2.693344088727380E-003
   1.01195522014000       2.689325442596070E-003
   1.02269483731000       2.685319670631570E-003
   1.03343445448000       2.681360065191360E-003
   1.04417407166000       2.677447848825160E-003
   1.05491368883000       2.673582786652040E-003
   1.06565330600000       2.669763990594440E-003
   1.07639292317000       2.665990574983320E-003
   1.08713254035000       2.662261672584690E-003
   1.09787215752000       2.658576430901630E-003
   1.10861177469000       2.654934010574280E-003
   1.11935139186000       2.651333589628490E-003
   1.13009100904000       2.647774363998920E-003
   1.14083062621000       2.644255546978350E-003
   1.15157024338000       2.640776369581140E-003
   1.16230986055000       2.637336081233960E-003
   1.17304947773000       2.633933948877010E-003
   1.18378909490000       2.630569256100050E-003
   1.19452871207000       2.627241303717580E-003
   1.20526832924000       2.623949409723260E-003
   1.21600794641000       2.620692907994440E-003
   1.22674756359000       2.617471147822930E-003
   1.23748718076000       2.614283494411350E-003
   1.24822679793000       2.611129328452520E-003
   1.25896641510000       2.608008044828400E-003
   1.26970603228000       2.604919052368090E-003
   1.28044564945000       2.601861774308170E-003
   1.29118526662000       2.598835647725390E-003
   1.30192488379000       2.595840122340910E-003
   1.31266450097000       2.592874660297820E-003
   1.32340411814000       2.589938736565560E-003
   1.33414373531000       2.587031838556990E-003
   1.34488335248000       2.584153464982900E-003
   1.35562296966000       2.581303125503650E-003
   1.36636258683000       2.578480341126070E-003
   1.37710220400000       2.575684643994060E-003
   1.38784182117000       2.572915576423320E-003
   1.39858143835000       2.570172690306410E-003
   1.40932105552000       2.567455547404950E-003
   1.42006067269000       2.564763719523150E-003
   1.43080028986000       2.562096787650590E-003
   1.44153990704000       2.559454341156370E-003
   1.45227952421000       2.556835977859430E-003
   1.46301914138000       2.554241304334640E-003
   1.47375875855000       2.551669935534790E-003
   1.48449837572000       2.549121493945480E-003
   1.49523799290000       2.546595609205670E-003
   1.50597761007000       2.544091918297290E-003
   1.51671722724000       2.541610065554560E-003
   1.52745684441000       2.539149702190650E-003
   1.53819646159000       2.536710485584160E-003
   1.54893607876000       2.534292078905770E-003
   1.55967569593000       2.531894151371310E-003
   1.57041531310000       2.529516378206040E-003
   1.58115493028000       2.527158439972370E-003
   1.59189454745000       2.524820021831600E-003
   1.60263416462000       2.522500813308280E-003
   1.61337378179000       2.520200508339720E-003
   1.62411339897000       2.517918805045340E-003
   1.63485301614000       2.515655404971510E-003
   1.64559263331000       2.513410012237430E-003
   1.65633225048000       2.511182333026080E-003
   1.66707186766000       2.508972075324510E-003
   1.67781148483000       2.506778948350110E-003
   1.68855110200000       2.504602661470210E-003
   1.69929071917000       2.502442922805960E-003
   1.71003033635000       2.500299437893830E-003
   1.72076995352000       2.498171908423110E-003
   1.73150957069000       2.496060030638800E-003
   1.74224918786000       2.493963492814310E-003
   1.75298880503000       2.491881971847380E-003
   1.76372842221000       2.489815129225490E-003
   1.77446803938000       2.487762606050770E-003
   1.78520765655000       2.485724016704110E-003
   1.79594727372000       2.483698940609740E-003
   1.80668689090000       2.481686910710880E-003
   1.81742650807000       2.479687395107260E-003
   1.82816612524000       2.477699766112920E-003
   1.83890574241000       2.475723256426370E-003
   1.84964535959000       2.473756924966440E-003
   1.86038497676000       2.471799672277130E-003
   1.87112459393000       2.469850258388850E-003
   1.88186421110000       2.467906965310690E-003
   1.89260382828000       2.465966249487620E-003
   1.90334344545000       2.464020582467370E-003
   1.91408306262000       2.462059183490990E-003
   1.92482267979000       2.460079028023170E-003
   1.93556229697000       2.458102878903050E-003
   1.94630191414000       2.456163383940640E-003
   1.95704153131000       2.454083158429700E-003
   1.96778114848000       2.451435523744870E-003
   1.97852076566000       2.445840928875190E-003
   1.98926038283000       2.437323095354210E-003
zone, t="SU2"
0  0.0261685  
0.001  0.00691037  
0.00200197  0.00581822  
0.00300592  0.00550466  
0.00401189  0.00532431  
0.00501988  0.00520876  
0.00602991  0.00512334  
0.00704202  0.00505535  
0.0080562  0.00499852  
0.0090725  0.00494969  
0.0100909  0.00490685  
0.0111115  0.00486863  
0.0121342  0.00483397  
0.0131592  0.00480208  
0.0141863  0.0047724  
0.0152157  0.00474449  
0.0162473  0.00471806  
0.0172812  0.00469287  
0.0183173  0.00466875  
0.0193558  0.00464558  
0.0203967  0.00462325  
0.0214399  0.00460168  
0.0224854  0.00458079  
0.0235334  0.00456054  
0.0245838  0.00454086  
0.0256367  0.00452173  
0.026692  0.0045031  
0.0277498  0.00448494  
0.0288102  0.00446722  
0.029873  0.00444993  
0.0309385  0.00443303  
0.0320065  0.00441651  
0.0330772  0.00440035  
0.0341504  0.00438454  
0.0352264  0.00436905  
0.036305  0.00435388  
0.0373863  0.00433901  
0.0384704  0.00432442  
0.0395572  0.00431012  
0.0406468  0.00429608  
0.0417392  0.0042823  
0.0428345  0.00426877  
0.0439326  0.00425547  
0.0450336  0.00424241  
0.0461375  0.00422957  
0.0472444  0.00421695  
0.0483542  0.00420454  
0.049467  0.00419233  
0.0505828  0.00418032  
0.0517017  0.0041685  
0.0528237  0.00415686  
0.0539487  0.0041454  
0.0550769  0.00413412  
0.0562083  0.004123  
0.0573428  0.00411206  
0.0584805  0.00410127  
0.0596216  0.00409063  
0.0607658  0.00408015  
0.0619134  0.00406981  
0.0630643  0.00405962  
0.0642186  0.00404957  
0.0653763  0.00403965  
0.0665374  0.00402987  
0.0677019  0.00402021  
0.06887  0.00401068  
0.0700415  0.00400128  
0.0712167  0.00399199  
0.0723953  0.00398282  
0.0735777  0.00397377  
0.0747636  0.00396482  
0.0759533  0.00395599  
0.0771466  0.00394726  
0.0783437  0.00393863  
0.0795446  0.00393011  
0.0807493  0.00392169  
0.0819578  0.00391336  
0.0831703  0.00390512  
0.0843866  0.00389698  
0.0856069  0.00388893  
0.0868312  0.00388097  
0.0880596  0.0038731  
0.089292  0.00386531  
0.0905285  0.0038576  
0.0917691  0.00384997  
0.0930139  0.00384243  
0.0942629  0.00383496  
0.0955162  0.00382756  
0.0967737  0.00382024  
0.0980356  0.003813  
0.0993019  0.00380583  
0.100572  0.00379872  
0.101848  0.00379168  
0.103127  0.00378472  
0.104411  0.00377782  
0.1057  0.00377098  
0.106993  0.0037642  
0.108291  0.00375749  
0.109594  0.00375084  
0.110901  0.00374425  
0.112214  0.00373772  
0.113531  0.00373124  
0.114853  0.00372482  
0.116179  0.00371846  
0.117511  0.00371215  
0.118848  0.00370589  
0.12019  0.00369969  
0.121537  0.00369353  
0.122889  0.00368743  
0.124246  0.00368138  
0.125609  0.00367537  
0.126977  0.00366941  
0.12835  0.0036635  
0.129728  0.00365764  
0.131113  0.00365182  
0.132502  0.00364605  
0.133897  0.00364032  
0.135298  0.00363463  
0.136704  0.00362898  
0.138116  0.00362337  
0.139534  0.00361781  
0.140958  0.00361228  
0.142387  0.0036068  
0.143823  0.00360135  
0.145264  0.00359594  
0.146711  0.00359057  
0.148165  0.00358523  
0.149624  0.00357993  
0.15109  0.00357467  
0.152563  0.00356944  
0.154041  0.00356424  
0.155526  0.00355908  
0.157017  0.00355395  
0.158515  0.00354885  
0.16002  0.00354379  
0.161531  0.00353875  
0.163049  0.00353375  
0.164573  0.00352878  
0.166105  0.00352383  
0.167643  0.00351892  
0.169188  0.00351404  
0.170741  0.00350918  
0.1723  0.00350435  
0.173867  0.00349955  
0.175441  0.00349478  
0.177022  0.00349003  
0.178611  0.00348531  
0.180207  0.00348062  
0.18181  0.00347594  
0.183422  0.0034713  
0.185041  0.00346668  
0.186667  0.00346208  
0.188302  0.00345751  
0.189945  0.00345296  
0.191595  0.00344844  
0.193254  0.00344393  
0.194921  0.00343945  
0.196596  0.00343499  
0.198279  0.00343056  
0.199971  0.00342614  
0.201671  0.00342174  
0.20338  0.00341737  
0.205098  0.00341301  
0.206824  0.00340868  
0.20856  0.00340436  
0.210304  0.00340007  
0.212058  0.00339579  
0.21382  0.00339153  
0.215592  0.00338729  
0.217373  0.00338307  
0.219163  0.00337887  
0.220963  0.00337468  
0.222773  0.00337051  
0.224593  0.00336636  
0.226422  0.00336222  
0.228261  0.00335811  
0.230111  0.003354  
0.23197  0.00334992  
0.23384  0.00334585  
0.23572  0.00334179  
0.237611  0.00333775  
0.239512  0.00333372  
0.241424  0.00332971  
0.243347  0.00332571  
0.245281  0.00332173  
0.247226  0.00331776  
0.249182  0.00331381  
0.251149  0.00330987  
0.253128  0.00330594  
0.255119  0.00330202  
0.257121  0.00329812  
0.259135  0.00329423  
0.261161  0.00329035  
0.263199  0.00328649  
0.26525  0.00328263  
0.267312  0.00327879  
0.269388  0.00327496  
0.271476  0.00327114  
0.273576  0.00326734  
0.27569  0.00326354  
0.277817  0.00325975  
0.279957  0.00325598  
0.282111  0.00325221  
0.284278  0.00324846  
0.286459  0.00324471  
0.288653  0.00324098  
0.290862  0.00323725  
0.293085  0.00323353  
0.295323  0.00322983  
0.297575  0.00322613  
0.299841  0.00322244  
0.302123  0.00321876  
0.30442  0.00321509  
0.306731  0.00321142  
0.309059  0.00320777  
0.311402  0.00320412  
0.313761  0.00320048  
0.316135  0.00319685  
0.318527  0.00319323  
0.320934  0.00318961  
0.323358  0.003186  
0.325799  0.0031824  
0.328257  0.0031788  
0.330732  0.00317522  
0.333225  0.00317163  
0.335735  0.00316806  
0.338263  0.00316449  
0.34081  0.00316092  
0.343374  0.00315737  
0.345958  0.00315381  
0.34856  0.00315027  
0.351181  0.00314673  
0.353821  0.00314319  
0.356482  0.00313966  
0.359161  0.00313614  
0.361861  0.00313262  
0.364582  0.0031291  
0.367323  0.00312559  
0.370084  0.00312208  
0.372867  0.00311858  
0.375672  0.00311508  
0.378498  0.00311159  
0.381346  0.0031081  
0.384216  0.00310461  
0.38711  0.00310113  
0.390026  0.00309765  
0.392965  0.00309417  
0.395928  0.0030907  
0.398914  0.00308723  
0.401925  0.00308376  
0.404961  0.00308029  
0.408021  0.00307683  
0.411107  0.00307337  
0.414218  0.00306992  
0.417355  0.00306646  
0.420519  0.00306301  
0.423709  0.00305956  
0.426926  0.00305611  
0.430171  0.00305266  
0.433443  0.00304921  
0.436744  0.00304577  
0.440074  0.00304232  
0.443433  0.00303888  
0.446821  0.00303544  
0.450239  0.003032  
0.453688  0.00302856  
0.457168  0.00302512  
0.460678  0.00302167  
0.464221  0.00301824  
0.467796  0.0030148  
0.471404  0.00301136  
0.475045  0.00300792  
0.47872  0.00300448  
0.48243  0.00300103  
0.486174  0.00299759  
0.489953  0.00299415  
0.493769  0.00299071  
0.497621  0.00298726  
0.50151  0.00298382  
0.505437  0.00298037  
0.509402  0.00297692  
0.513407  0.00297347  
0.51745  0.00297002  
0.521534  0.00296656  
0.525659  0.00296311  
0.529826  0.00295965  
0.534034  0.00295619  
0.538286  0.00295272  
0.542581  0.00294926  
0.54692  0.00294579  
0.551305  0.00294232  
0.555736  0.00293884  
0.560213  0.00293536  
0.564738  0.00293188  
0.569311  0.00292839  
0.573933  0.0029249  
0.578605  0.00292141  
0.583328  0.00291791  
0.588103  0.00291441  
0.592931  0.0029109  
0.597812  0.00290739  
0.602748  0.00290387  
0.60774  0.00290035  
0.612788  0.00289682  
0.617894  0.00289329  
0.623058  0.00288975  
0.628283  0.00288621  
0.633568  0.00288266  
0.638915  0.00287911  
0.644326  0.00287554  
0.649801  0.00287198  
0.655342  0.0028684  
0.66095  0.00286482  
0.666625  0.00286123  
0.672371  0.00285764  
0.678187  0.00285403  
0.684076  0.00285042  
0.690039  0.0028468  
0.696077  0.00284317  
0.702192  0.00283954  
0.708385  0.00283589  
0.714658  0.00283224  
0.721012  0.00282858  
0.72745  0.00282491  
0.733973  0.00282123  
0.740583  0.00281754  
0.747281  0.00281384  
0.75407  0.00281013  
0.760951  0.00280642  
0.767927  0.00280268  
0.774999  0.00279894  
0.78217  0.00279519  
0.789441  0.00279143  
0.796816  0.00278765  
0.804296  0.00278387  
0.811884  0.00278007  
0.819581  0.00277626  
0.827392  0.00277244  
0.835318  0.0027686  
0.843362  0.00276475  
0.851526  0.00276089  
0.859814  0.00275701  
0.868229  0.00275312  
0.876773  0.00274921  
0.88545  0.00274529  
0.894263  0.00274136  
0.903215  0.00273741  
0.91231  0.00273344  
0.921551  0.00272946  
0.930942  0.00272546  
0.940487  0.00272145  
0.950189  0.00271742  
0.960054  0.00271337  
0.970084  0.0027093  
0.980285  0.00270521  
0.99066  0.00270111  
1.00122  0.00269698  
1.01196  0.00269284  
1.02269  0.00268874  
1.03343  0.00268469  
1.04417  0.00268069  
1.05491  0.00267674  
1.06565  0.00267283  
1.07639  0.00266897  
1.08713  0.00266516  
1.09787  0.00266138  
1.10861  0.00265765  
1.11935  0.00265396  
1.13009  0.00265031  
1.14083  0.0026467  
1.15157  0.00264313  
1.16231  0.0026396  
1.17305  0.00263611  
1.18379  0.00263265  
1.19453  0.00262923  
1.20527  0.00262585  
1.21601  0.0026225  
1.22675  0.00261919  
1.23749  0.00261591  
1.24823  0.00261266  
1.25897  0.00260945  
1.26971  0.00260627  
1.28045  0.00260312  
1.29119  0.0026  
1.30192  0.00259692  
1.31266  0.00259386  
1.3234  0.00259083  
1.33414  0.00258783  
1.34488  0.00258486  
1.35562  0.00258192  
1.36636  0.002579  
1.3771  0.00257611  
1.38784  0.00257325  
1.39858  0.00257042  
1.40932  0.00256761  
1.42006  0.00256482  
1.4308  0.00256206  
1.44154  0.00255933  
1.45228  0.00255662  
1.46302  0.00255393  
1.47376  0.00255127  
1.4845  0.00254862  
1.49524  0.002546  
1.50598  0.00254341  
1.51672  0.00254083  
1.52746  0.00253828  
1.5382  0.00253575  
1.54894  0.00253324  
1.55968  0.00253075  
1.57042  0.00252828  
1.58115  0.00252583  
1.59189  0.0025234  
1.60263  0.00252099  
1.61337  0.00251859  
1.62411  0.00251622  
1.63485  0.00251387  
1.64559  0.00251153  
1.65633  0.00250921  
1.66707  0.00250691  
1.67781  0.00250463  
1.68855  0.00250236  
1.69929  0.00250011  
1.71003  0.00249788  
1.72077  0.00249567  
1.73151  0.00249347  
1.74225  0.00249128  
1.75299  0.00248911  
1.76373  0.00248696  
1.77447  0.00248482  
1.78521  0.0024827  
1.79595  0.00248059  
1.80669  0.0024785  
1.81743  0.00247642  
1.82817  0.00247436  
1.83891  0.00247231  
1.84965  0.00247027  
1.86038  0.00246825  
1.87112  0.00246624  
1.88186  0.00246424  
1.8926  0.00246225  
1.90334  0.00246027  
1.91408  0.00245831  
1.92482  0.00245639  
1.93556  0.00245451  
1.9463  0.00245264  
1.95704  0.00245066  
1.96778  0.00244829  
1.97852  0.00244588  
1.98926  0.00243966  
2  0.00244574   