variables="x","C<sub>f</sub>"
zone, t="CFL3D"
 -3.228320479E-01 0.000000000E+00
 -3.126617074E-01 0.000000000E+00
 -3.028087020E-01 0.000000000E+00
 -2.932629883E-01 0.000000000E+00
 -2.840148807E-01 0.000000000E+00
 -2.750549912E-01 0.000000000E+00
 -2.663742602E-01 0.000000000E+00
 -2.579638660E-01 0.000000000E+00
 -2.498152405E-01 0.000000000E+00
 -2.419201434E-01 0.000000000E+00
 -2.342705727E-01 0.000000000E+00
 -2.268587351E-01 0.000000000E+00
 -2.196771353E-01 0.000000000E+00
 -2.127184719E-01 0.000000000E+00
 -2.059756815E-01 0.000000000E+00
 -1.994419247E-01 0.000000000E+00
 -1.931105703E-01 0.000000000E+00
 -1.869751811E-01 0.000000000E+00
 -1.810295582E-01 0.000000000E+00
 -1.752676517E-01 0.000000000E+00
 -1.696836054E-01 0.000000000E+00
 -1.642717719E-01 0.000000000E+00
 -1.590266377E-01 0.000000000E+00
 -1.539428979E-01 0.000000000E+00
 -1.490153819E-01 0.000000000E+00
 -1.442390978E-01 0.000000000E+00
 -1.396092027E-01 0.000000000E+00
 -1.351209730E-01 0.000000000E+00
 -1.307698786E-01 0.000000000E+00
 -1.265514940E-01 0.000000000E+00
 -1.224615350E-01 0.000000000E+00
 -1.184958592E-01 0.000000000E+00
 -1.146504357E-01 0.000000000E+00
 -1.109213680E-01 0.000000000E+00
 -1.073048636E-01 0.000000000E+00
 -1.037972569E-01 0.000000000E+00
 -1.003949940E-01 0.000000000E+00
 -9.709461033E-02 0.000000000E+00
 -9.389276803E-02 0.000000000E+00
 -9.078621119E-02 0.000000000E+00
 -8.777178824E-02 0.000000000E+00
 -8.484643698E-02 0.000000000E+00
 -8.200719208E-02 0.000000000E+00
 -7.925117761E-02 0.000000000E+00
 -7.657558471E-02 0.000000000E+00
 -7.397770137E-02 0.000000000E+00
 -7.145489752E-02 0.000000000E+00
 -6.900461018E-02 0.000000000E+00
 -6.662435085E-02 0.000000000E+00
 -6.431170553E-02 0.000000000E+00
 -6.206432730E-02 0.000000000E+00
 -5.987993628E-02 0.000000000E+00
 -5.775631219E-02 0.000000000E+00
 -5.569129810E-02 0.000000000E+00
 -5.368280783E-02 0.000000000E+00
 -5.172879249E-02 0.000000000E+00
 -4.982727766E-02 0.000000000E+00
 -4.797632620E-02 0.000000000E+00
 -4.617406428E-02 0.000000000E+00
 -4.441866279E-02 0.000000000E+00
 -4.270834103E-02 0.000000000E+00
 -4.104135931E-02 0.000000000E+00
 -3.941602632E-02 0.000000000E+00
 -3.783069924E-02 0.000000000E+00
 -3.628376126E-02 0.000000000E+00
 -3.477364406E-02 0.000000000E+00
 -3.329882026E-02 0.000000000E+00
 -3.185778856E-02 0.000000000E+00
 -3.044908494E-02 0.000000000E+00
 -2.907128446E-02 0.000000000E+00
 -2.772298828E-02 0.000000000E+00
 -2.640282549E-02 0.000000000E+00
 -2.510945685E-02 0.000000000E+00
 -2.384156920E-02 0.000000000E+00
 -2.259787917E-02 0.000000000E+00
 -2.137712203E-02 0.000000000E+00
 -2.017805912E-02 0.000000000E+00
 -1.899947412E-02 0.000000000E+00
 -1.784016937E-02 0.000000000E+00
 -1.669897139E-02 0.000000000E+00
 -1.557471883E-02 0.000000000E+00
 -1.446627267E-02 0.000000000E+00
 -1.337250788E-02 0.000000000E+00
 -1.229231432E-02 0.000000000E+00
 -1.122459490E-02 0.000000000E+00
 -1.016826648E-02 0.000000000E+00
 -9.122258052E-03 0.000000000E+00
 -8.085506968E-03 0.000000000E+00
 -7.056961302E-03 0.000000000E+00
 -6.035577040E-03 0.000000000E+00
 -5.020318553E-03 0.000000000E+00
 -4.010154400E-03 0.000000000E+00
 -3.004060360E-03 0.000000000E+00
 -2.001014771E-03 0.000000000E+00
 -1.000000047E-03 0.000000000E+00
 0.000000000E+00 1.189654600E-02
 1.000000047E-03 1.512903813E-02
 2.001968445E-03 5.801811349E-03
 3.005924402E-03 4.927509464E-03
 4.011887591E-03 4.548759665E-03
 5.019877572E-03 4.505935125E-03
 6.029913668E-03 4.705703352E-03
 7.042016368E-03 4.985354841E-03
 8.056204766E-03 5.210507195E-03
 9.072500281E-03 5.333742127E-03
 1.009092201E-02 5.373900291E-03
 1.111149136E-02 5.366407335E-03
 1.213422790E-02 5.336947273E-03
 1.315915212E-02 5.298344884E-03
 1.418628637E-02 5.255735945E-03
 1.521565020E-02 5.211130250E-03
 1.624726504E-02 5.165645387E-03
 1.728115417E-02 5.120154936E-03
 1.831733435E-02 5.075344816E-03
 1.935583353E-02 5.031720735E-03
 2.039666846E-02 4.989616573E-03
 2.143986151E-02 4.949200898E-03
 2.248543687E-02 4.910509102E-03
 2.353341691E-02 4.873504862E-03
 2.458382212E-02 4.838126712E-03
 2.563667670E-02 4.804305267E-03
 2.669200115E-02 4.771955777E-03
 2.774982154E-02 4.740981851E-03
 2.881015837E-02 4.711283371E-03
 2.987303585E-02 4.682764411E-03
 3.093848005E-02 4.655346274E-03
 3.200650960E-02 4.628964234E-03
 3.307715058E-02 4.603556823E-03
 3.415042907E-02 4.579063505E-03
 3.522636741E-02 4.555425607E-03
 3.630498797E-02 4.532588646E-03
 3.738632053E-02 4.510500003E-03
 3.847038746E-02 4.489109851E-03
 3.955721110E-02 4.468375351E-03
 4.064681754E-02 4.448262975E-03
 4.173923656E-02 4.428742919E-03
 4.283448681E-02 4.409786779E-03
 4.393260181E-02 4.391365685E-03
 4.503360018E-02 4.373453092E-03
 4.613751546E-02 4.356021993E-03
 4.724436626E-02 4.339047708E-03
 4.835418612E-02 4.322500434E-03
 4.946699739E-02 4.306342453E-03
 5.058282986E-02 4.290534649E-03
 5.170170963E-02 4.275042564E-03
 5.282366648E-02 4.259841982E-03
 5.394872278E-02 4.244925454E-03
 5.507691577E-02 4.230289720E-03
 5.620826408E-02 4.215931520E-03
 5.734280124E-02 4.201846663E-03
 5.848055333E-02 4.188029561E-03
 5.962155387E-02 4.174473695E-03
 6.076582894E-02 4.161172081E-03
 6.191340834E-02 4.148117267E-03
 6.306432188E-02 4.135302268E-03
 6.421860307E-02 4.122719169E-03
 6.537627429E-02 4.110360518E-03
 6.653737277E-02 4.098218866E-03
 6.770192832E-02 4.086287227E-03
 6.886997819E-02 4.074559081E-03
 7.004153728E-02 4.063026048E-03
 7.121665031E-02 4.051678814E-03
 7.239534706E-02 4.040511791E-03
 7.357765734E-02 4.029521253E-03
 7.476361841E-02 4.018703941E-03
 7.595326006E-02 4.008056596E-03
 7.714661211E-02 3.997574095E-03
 7.834371924E-02 3.987252247E-03
 7.954459637E-02 3.977086395E-03
 8.074929565E-02 3.967071883E-03
 8.195784688E-02 3.957203589E-03
 8.317027986E-02 3.947477322E-03
 8.438663185E-02 3.937888425E-03
 8.560694009E-02 3.928433638E-03
 8.683124185E-02 3.919109236E-03
 8.805956692E-02 3.909911960E-03
 8.929195255E-02 3.900838783E-03
 9.052844346E-02 3.891886445E-03
 9.176907688E-02 3.883052384E-03
 9.301388264E-02 3.874333110E-03
 9.426289797E-02 3.865725361E-03
 9.551616758E-02 3.857226344E-03
 9.677372128E-02 3.848832101E-03
 9.803561121E-02 3.840539139E-03
 9.930186719E-02 3.832342336E-03
 1.005725339E-01 3.824240994E-03
 1.018476486E-01 3.816234414E-03
 1.031272486E-01 3.808320733E-03
 1.044113860E-01 3.800498322E-03
 1.057000905E-01 3.792765085E-03
 1.069934070E-01 3.785118461E-03
 1.082913801E-01 3.777557053E-03
 1.095940545E-01 3.770077834E-03
 1.109014750E-01 3.762678942E-03
 1.122136712E-01 3.755359212E-03
 1.135307029E-01 3.748116083E-03
 1.148526073E-01 3.740948625E-03
 1.161794290E-01 3.733855672E-03
 1.175112203E-01 3.726834431E-03
 1.188480183E-01 3.719884204E-03
 1.201898679E-01 3.713003825E-03
 1.215368286E-01 3.706190502E-03
 1.228889376E-01 3.699443536E-03
 1.242462471E-01 3.692761762E-03
 1.256088018E-01 3.686143085E-03
 1.269766539E-01 3.679586342E-03
 1.283498406E-01 3.673091065E-03
 1.297284365E-01 3.666654928E-03
 1.311124712E-01 3.660276765E-03
 1.325020045E-01 3.653956344E-03
 1.338970959E-01 3.647691803E-03
 1.352977753E-01 3.641481744E-03
 1.367041171E-01 3.635325469E-03
 1.381161511E-01 3.629221115E-03
 1.395339519E-01 3.623165190E-03
 1.409575790E-01 3.617156995E-03
 1.423870623E-01 3.611197695E-03
 1.438224763E-01 3.605286358E-03
 1.452638805E-01 3.599422053E-03
 1.467113197E-01 3.593605012E-03
 1.481648535E-01 3.587834071E-03
 1.496245414E-01 3.582107369E-03
 1.510904431E-01 3.576425137E-03
 1.525626183E-01 3.570786677E-03
 1.540411264E-01 3.565190593E-03
 1.555260271E-01 3.559635719E-03
 1.570173800E-01 3.554122290E-03
 1.585152596E-01 3.548649373E-03
 1.600197256E-01 3.543215338E-03
 1.615308374E-01 3.537820186E-03
 1.630486548E-01 3.532463452E-03
 1.645732373E-01 3.527144203E-03
 1.661046743E-01 3.521860810E-03
 1.676430106E-01 3.516613506E-03
 1.691883355E-01 3.511402523E-03
 1.707406938E-01 3.506225999E-03
 1.723001748E-01 3.501083003E-03
 1.738668382E-01 3.495973768E-03
 1.754407436E-01 3.490898060E-03
 1.770219952E-01 3.485854249E-03
 1.786106378E-01 3.480842104E-03
 1.802067459E-01 3.475861391E-03
 1.818104088E-01 3.470911877E-03
 1.834216863E-01 3.465991933E-03
 1.850406677E-01 3.461101325E-03
 1.866674274E-01 3.456240520E-03
 1.883020550E-01 3.451408586E-03
 1.899445951E-01 3.446604125E-03
 1.915951520E-01 3.441827372E-03
 1.932538152E-01 3.437078325E-03
 1.949206442E-01 3.432356054E-03
 1.965957433E-01 3.427659860E-03
 1.982791722E-01 3.422988812E-03
 1.999710351E-01 3.418342443E-03
 2.016714215E-01 3.413719358E-03
 2.033804059E-01 3.409118624E-03
 2.050980777E-01 3.404541174E-03
 2.068245411E-01 3.399987705E-03
 2.085598707E-01 3.395457752E-03
 2.103041708E-01 3.390950384E-03
 2.120575309E-01 3.386465367E-03
 2.138200402E-01 3.382002935E-03
 2.155917883E-01 3.377562854E-03
 2.173728943E-01 3.373143962E-03
 2.191634327E-01 3.368745791E-03
 2.209635228E-01 3.364368575E-03
 2.227732539E-01 3.360012313E-03
 2.245927304E-01 3.355676075E-03
 2.264220566E-01 3.351359162E-03
 2.282613367E-01 3.347061807E-03
 2.301106751E-01 3.342784010E-03
 2.319701910E-01 3.338525305E-03
 2.338399738E-01 3.334284294E-03
 2.357201427E-01 3.330061678E-03
 2.376108319E-01 3.325857222E-03
 2.395121157E-01 3.321670694E-03
 2.414241433E-01 3.317501163E-03
 2.433470190E-01 3.313348163E-03
 2.452808470E-01 3.309212392E-03
 2.472257763E-01 3.305093385E-03
 2.491818964E-01 3.300990444E-03
 2.511493564E-01 3.296902869E-03
 2.531282902E-01 3.292831127E-03
 2.551187873E-01 3.288775450E-03
 2.571209967E-01 3.284734674E-03
 2.591350675E-01 3.280708333E-03
 2.611611187E-01 3.276696661E-03
 2.631992698E-01 3.272699658E-03
 2.652496696E-01 3.268717090E-03
 2.673124373E-01 3.264748026E-03
 2.693877518E-01 3.260792233E-03
 2.714757323E-01 3.256850177E-03
 2.735765278E-01 3.252921626E-03
 2.756902874E-01 3.249005880E-03
 2.778171599E-01 3.245102474E-03
 2.799572945E-01 3.241211642E-03
 2.821108401E-01 3.237333382E-03
 2.842779458E-01 3.233467462E-03
 2.864587903E-01 3.229612950E-03
 2.886535227E-01 3.225769848E-03
 2.908623219E-01 3.221938387E-03
 2.930853069E-01 3.218117636E-03
 2.953226864E-01 3.214306198E-03
 2.975746393E-01 3.210503375E-03
 2.998413146E-01 3.206710564E-03
 3.021228909E-01 3.202928463E-03
 3.044195473E-01 3.199156607E-03
 3.067314625E-01 3.195394296E-03
 3.090588450E-01 3.191641765E-03
 3.114018440E-01 3.187899245E-03
 3.137606978E-01 3.184166271E-03
 3.161355257E-01 3.180442378E-03
 3.185265958E-01 3.176727332E-03
 3.209340870E-01 3.173020668E-03
 3.233581781E-01 3.169323085E-03
 3.257990777E-01 3.165633883E-03
 3.282570243E-01 3.161952831E-03
 3.307321966E-01 3.158279695E-03
 3.332248330E-01 3.154614707E-03
 3.357351422E-01 3.150957869E-03
 3.382633626E-01 3.147308715E-03
 3.408097029E-01 3.143666545E-03
 3.433744013E-01 3.140031826E-03
 3.459576964E-01 3.136404324E-03
 3.485597968E-01 3.132784273E-03
 3.511810005E-01 3.129170509E-03
 3.538214862E-01 3.125563264E-03
 3.564815521E-01 3.121962538E-03
 3.591614366E-01 3.118368564E-03
 3.618614078E-01 3.114780877E-03
 3.645817339E-01 3.111198777E-03
 3.673226237E-01 3.107622266E-03
 3.700844347E-01 3.104051808E-03
 3.728674054E-01 3.100487171E-03
 3.756718040E-01 3.096927656E-03
 3.784979284E-01 3.093372798E-03
 3.813460767E-01 3.089823294E-03
 3.842165470E-01 3.086279146E-03
 3.871096373E-01 3.082739655E-03
 3.900256455E-01 3.079204587E-03
 3.929648995E-01 3.075673711E-03
 3.959276974E-01 3.072147258E-03
 3.989143968E-01 3.068625461E-03
 4.019253254E-01 3.065107390E-03
 4.049607813E-01 3.061592812E-03
 4.080211222E-01 3.058081958E-03
 4.111067355E-01 3.054575063E-03
 4.142179191E-01 3.051071661E-03
 4.173550904E-01 3.047571052E-03
 4.205185771E-01 3.044073470E-03
 4.237087667E-01 3.040579148E-03
 4.269260764E-01 3.037087852E-03
 4.301708341E-01 3.033599118E-03
 4.334434569E-01 3.030112712E-03
 4.367443919E-01 3.026627935E-03
 4.400739968E-01 3.023144556E-03
 4.434327483E-01 3.019661643E-03
 4.468210340E-01 3.016179660E-03
 4.502393007E-01 3.012699075E-03
 4.536879957E-01 3.009220585E-03
 4.571675658E-01 3.005743725E-03
 4.606784880E-01 3.002268262E-03
 4.642212391E-01 2.998793498E-03
 4.677962959E-01 2.995319897E-03
 4.714041352E-01 2.991847694E-03
 4.750452936E-01 2.988376422E-03
 4.787202775E-01 2.984905383E-03
 4.824295640E-01 2.981434576E-03
 4.861737490E-01 2.977964701E-03
 4.899533391E-01 2.974495059E-03
 4.937689006E-01 2.971025417E-03
 4.976209998E-01 2.967555309E-03
 5.015102029E-01 2.964085201E-03
 5.054371357E-01 2.960615093E-03
 5.094023943E-01 2.957144286E-03
 5.134065747E-01 2.953672549E-03
 5.174503326E-01 2.950200113E-03
 5.215342641E-01 2.946726978E-03
 5.256590843E-01 2.943252679E-03
 5.298254490E-01 2.939776983E-03
 5.340340734E-01 2.936299657E-03
 5.382856131E-01 2.932820935E-03
 5.425807834E-01 2.929341048E-03
 5.469203591E-01 2.925858833E-03
 5.513049960E-01 2.922374289E-03
 5.557355881E-01 2.918887651E-03
 5.602129102E-01 2.915399382E-03
 5.647376776E-01 2.911908086E-03
 5.693107247E-01 2.908413997E-03
 5.739330053E-01 2.904917346E-03
 5.786052346E-01 2.901417902E-03
 5.833283663E-01 2.897915430E-03
 5.881032944E-01 2.894409234E-03
 5.929309130E-01 2.890899545E-03
 5.978122354E-01 2.887386829E-03
 6.027481556E-01 2.883870155E-03
 6.077396870E-01 2.880349057E-03
 6.127878428E-01 2.876823302E-03
 6.178936362E-01 2.873293357E-03
 6.230581999E-01 2.869758988E-03
 6.282825470E-01 2.866219496E-03
 6.335678697E-01 2.862675348E-03
 6.389152408E-01 2.859126544E-03
 6.443258524E-01 2.855572617E-03
 6.498009562E-01 2.852013102E-03
 6.553417444E-01 2.848448232E-03
 6.609494686E-01 2.844877541E-03
 6.666254401E-01 2.841299633E-03
 6.723710299E-01 2.837713808E-03
 6.781874895E-01 2.834120998E-03
 6.840763688E-01 2.830521436E-03
 6.900390387E-01 2.826915588E-03
 6.960769296E-01 2.823302755E-03
 7.021916509E-01 2.819682704E-03
 7.083846927E-01 2.816055901E-03
 7.146576643E-01 2.812421648E-03
 7.210122347E-01 2.808779711E-03
 7.274500728E-01 2.805129858E-03
 7.339729071E-01 2.801472321E-03
 7.405825853E-01 2.797806635E-03
 7.472808361E-01 2.794132102E-03
 7.540696263E-01 2.790448954E-03
 7.609508634E-01 2.786757424E-03
 7.679265738E-01 2.783056349E-03
 7.749987841E-01 2.779345959E-03
 7.821695805E-01 2.775626257E-03
 7.894411683E-01 2.771896776E-03
 7.968158126E-01 2.768157050E-03
 8.042958379E-01 2.764407080E-03
 8.118835092E-01 2.760646865E-03
 8.195813894E-01 2.756875707E-03
 8.273919821E-01 2.753093373E-03
 8.353177905E-01 2.749299863E-03
 8.433616161E-01 2.745495178E-03
 8.515261412E-01 2.741678385E-03
 8.598142862E-01 2.737849485E-03
 8.682289124E-01 2.734008478E-03
 8.767731786E-01 2.730154665E-03
 8.854500651E-01 2.726287814E-03
 8.942628503E-01 2.722407924E-03
 9.032149911E-01 2.718514763E-03
 9.123097658E-01 2.714607632E-03
 9.215508699E-01 2.710686298E-03
 9.309419394E-01 2.706750529E-03
 9.404867887E-01 2.702799859E-03
 9.501893520E-01 2.698833589E-03
 9.600536823E-01 2.694851253E-03
 9.700840712E-01 2.690853551E-03
 9.802848101E-01 2.686842810E-03
 9.906604290E-01 2.682828577E-03
 1.001215577E+00 2.678780351E-03
 1.011955261E+00 2.674709307E-03
 1.022694826E+00 2.670699498E-03
 1.033434510E+00 2.666747896E-03
 1.044174075E+00 2.662832150E-03
 1.054913640E+00 2.658964135E-03
 1.065653324E+00 2.655141987E-03
 1.076392889E+00 2.651365707E-03
 1.087132573E+00 2.647634363E-03
 1.097872138E+00 2.643947490E-03
 1.108611822E+00 2.640304156E-03
 1.119351387E+00 2.636703430E-03
 1.130090952E+00 2.633144381E-03
 1.140830636E+00 2.629626309E-03
 1.151570201E+00 2.626148518E-03
 1.162309885E+00 2.622709842E-03
 1.173049450E+00 2.619310049E-03
 1.183789134E+00 2.615948208E-03
 1.194528699E+00 2.612623153E-03
 1.205268383E+00 2.609334653E-03
 1.216007948E+00 2.606081776E-03
 1.226747513E+00 2.602864290E-03
 1.237487197E+00 2.599681029E-03
 1.248226762E+00 2.596531296E-03
 1.258966446E+00 2.593415091E-03
 1.269706011E+00 2.590331482E-03
 1.280445695E+00 2.587279771E-03
 1.291185260E+00 2.584259259E-03
 1.301924825E+00 2.581269713E-03
 1.312664509E+00 2.578310668E-03
 1.323404074E+00 2.575381426E-03
 1.334143758E+00 2.572481288E-03
 1.344883323E+00 2.569610020E-03
 1.355623007E+00 2.566767391E-03
 1.366362572E+00 2.563952468E-03
 1.377102256E+00 2.561164554E-03
 1.387841821E+00 2.558403648E-03
 1.398581386E+00 2.555669518E-03
 1.409321070E+00 2.552961698E-03
 1.420060635E+00 2.550279023E-03
 1.430800319E+00 2.547621727E-03
 1.441539884E+00 2.544989344E-03
 1.452279568E+00 2.542381641E-03
 1.463019133E+00 2.539797919E-03
 1.473758817E+00 2.537237946E-03
 1.484498382E+00 2.534701023E-03
 1.495237947E+00 2.532187616E-03
 1.505977631E+00 2.529697027E-03
 1.516717196E+00 2.527228557E-03
 1.527456880E+00 2.524781972E-03
 1.538196445E+00 2.522357274E-03
 1.548936129E+00 2.519954462E-03
 1.559675694E+00 2.517572604E-03
 1.570415258E+00 2.515211701E-03
 1.581154943E+00 2.512871288E-03
 1.591894507E+00 2.510551596E-03
 1.602634192E+00 2.508251928E-03
 1.613373756E+00 2.505971817E-03
 1.624113441E+00 2.503710100E-03
 1.634853005E+00 2.501467243E-03
 1.645592690E+00 2.499243710E-03
 1.656332254E+00 2.497039502E-03
 1.667071819E+00 2.494854620E-03
 1.677811503E+00 2.492688596E-03
 1.688551068E+00 2.490541432E-03
 1.699290752E+00 2.488412894E-03
 1.710030317E+00 2.486303216E-03
 1.720770001E+00 2.484212164E-03
 1.731509566E+00 2.482139738E-03
 1.742249131E+00 2.480085474E-03
 1.752988815E+00 2.478050301E-03
 1.763728380E+00 2.476034220E-03
 1.774468064E+00 2.474037465E-03
 1.785207629E+00 2.472060500E-03
 1.795947313E+00 2.470103791E-03
 1.806686878E+00 2.468167339E-03
 1.817426562E+00 2.466252539E-03
 1.828166127E+00 2.464360092E-03
 1.838905692E+00 2.462491160E-03
 1.849645376E+00 2.460647374E-03
 1.860384941E+00 2.458830364E-03
 1.871124625E+00 2.457042923E-03
 1.881864190E+00 2.455288311E-03
 1.892603874E+00 2.453570720E-03
 1.903343439E+00 2.451895038E-03
 1.914083004E+00 2.450267784E-03
 1.924822688E+00 2.448699670E-03
 1.935562253E+00 2.447215840E-03
 1.946301937E+00 2.445852384E-03
 1.957041502E+00 2.444687299E-03
 1.967781186E+00 2.443629550E-03
 1.978520751E+00 2.443206031E-03
 1.989260435E+00 2.441374119E-03
zone, t="FUN3D"
 1.000000047E-03 8.250475861E-03
 2.001968445E-03 4.904803820E-03
 3.005924402E-03 5.304756109E-03
 4.011887591E-03 5.532491952E-03
 5.019877572E-03 5.603034981E-03
 6.029913668E-03 5.589183420E-03
 7.042016368E-03 5.535071250E-03
 8.056204766E-03 5.467332900E-03
 9.072500281E-03 5.398745649E-03
 1.009092201E-02 5.333920941E-03
 1.111149136E-02 5.273602437E-03
 1.213422790E-02 5.217263941E-03
 1.315915212E-02 5.164250266E-03
 1.418628637E-02 5.114108790E-03
 1.521565020E-02 5.066580139E-03
 1.624726504E-02 5.021504592E-03
 1.728115417E-02 4.978749435E-03
 1.831733435E-02 4.938181490E-03
 1.935583353E-02 4.899665713E-03
 2.039666846E-02 4.863061942E-03
 2.143986151E-02 4.828224890E-03
 2.248543687E-02 4.795010202E-03
 2.353341691E-02 4.763283301E-03
 2.458382212E-02 4.732928239E-03
 2.563667670E-02 4.703844897E-03
 2.669200115E-02 4.675942939E-03
 2.774982154E-02 4.649136215E-03
 2.881015837E-02 4.623342771E-03
 2.987303585E-02 4.598487169E-03
 3.093848005E-02 4.574500956E-03
 3.200650960E-02 4.551327322E-03
 3.307715058E-02 4.528919701E-03
 3.415042907E-02 4.507234786E-03
 3.522636741E-02 4.486232065E-03
 3.630498797E-02 4.465871491E-03
 3.738632053E-02 4.446118139E-03
 3.847038746E-02 4.426937550E-03
 3.955721110E-02 4.408298992E-03
 4.064681754E-02 4.390170332E-03
 4.173923656E-02 4.372523632E-03
 4.283448681E-02 4.355332348E-03
 4.393260181E-02 4.338571336E-03
 4.503360018E-02 4.322211258E-03
 4.613751546E-02 4.306220915E-03
 4.724436626E-02 4.290569574E-03
 4.835418612E-02 4.275229760E-03
 4.946699739E-02 4.260183312E-03
 5.058282986E-02 4.245420452E-03
 5.170170963E-02 4.230934195E-03
 5.282366648E-02 4.216720816E-03
 5.394872278E-02 4.202775192E-03
 5.507691577E-02 4.189092200E-03
 5.620826408E-02 4.175663460E-03
 5.734280124E-02 4.162480589E-03
 5.848055333E-02 4.149534740E-03
 5.962155387E-02 4.136818927E-03
 6.076582894E-02 4.124328494E-03
 6.191340834E-02 4.112057853E-03
 6.306432188E-02 4.100000951E-03
 6.421860307E-02 4.088150803E-03
 6.537627429E-02 4.076500889E-03
 6.653737277E-02 4.065045621E-03
 6.770192832E-02 4.053778946E-03
 6.886997819E-02 4.042696208E-03
 7.004153728E-02 4.031791352E-03
 7.121665031E-02 4.021059256E-03
 7.239534706E-02 4.010493867E-03
 7.357765734E-02 4.000090528E-03
 7.476361841E-02 3.989844583E-03
 7.595326006E-02 3.979751375E-03
 7.714661211E-02 3.969806712E-03
 7.834371924E-02 3.960006870E-03
 7.954459637E-02 3.950346727E-03
 8.074929565E-02 3.940820694E-03
 8.195784688E-02 3.931424581E-03
 8.317027986E-02 3.922154661E-03
 8.438663185E-02 3.913008608E-03
 8.560694009E-02 3.903985256E-03
 8.683124185E-02 3.895080648E-03
 8.805956692E-02 3.886291757E-03
 8.929195255E-02 3.877615323E-03
 9.052844346E-02 3.869048785E-03
 9.176907688E-02 3.860589815E-03
 9.301388264E-02 3.852235852E-03
 9.426289797E-02 3.843984101E-03
 9.551616758E-02 3.835832234E-03
 9.677372128E-02 3.827777924E-03
 9.803561121E-02 3.819818608E-03
 9.930186719E-02 3.811952192E-03
 1.005725339E-01 3.804176114E-03
 1.018476486E-01 3.796488745E-03
 1.031272486E-01 3.788887523E-03
 1.044113860E-01 3.781370353E-03
 1.057000905E-01 3.773935838E-03
 1.069934070E-01 3.766581649E-03
 1.082913801E-01 3.759306157E-03
 1.095940545E-01 3.752107266E-03
 1.109014750E-01 3.744983580E-03
 1.122136712E-01 3.737932770E-03
 1.135307029E-01 3.730952740E-03
 1.148526073E-01 3.724040696E-03
 1.161794290E-01 3.717194311E-03
 1.175112203E-01 3.710413352E-03
 1.188480183E-01 3.703697119E-03
 1.201898679E-01 3.697044449E-03
 1.215368286E-01 3.690454876E-03
 1.228889376E-01 3.683927003E-03
 1.242462471E-01 3.677459434E-03
 1.256088018E-01 3.671051003E-03
 1.269766539E-01 3.664700780E-03
 1.283498406E-01 3.658407135E-03
 1.297284365E-01 3.652168903E-03
 1.311124712E-01 3.645985387E-03
 1.325020045E-01 3.639855189E-03
 1.338970959E-01 3.633777145E-03
 1.352977753E-01 3.627750557E-03
 1.367041171E-01 3.621774260E-03
 1.381161511E-01 3.615847323E-03
 1.395339519E-01 3.609968582E-03
 1.409575790E-01 3.604137339E-03
 1.423870623E-01 3.598352429E-03
 1.438224763E-01 3.592612920E-03
 1.452638805E-01 3.586918581E-03
 1.467113197E-01 3.581268247E-03
 1.481648535E-01 3.575660521E-03
 1.496245414E-01 3.570095170E-03
 1.510904431E-01 3.564571496E-03
 1.525626183E-01 3.559088567E-03
 1.540411264E-01 3.553644987E-03
 1.555260271E-01 3.548240988E-03
 1.570173800E-01 3.542875638E-03
 1.585152596E-01 3.537548007E-03
 1.600197256E-01 3.532257397E-03
 1.615308374E-01 3.527003573E-03
 1.630486548E-01 3.521785140E-03
 1.645732373E-01 3.516600933E-03
 1.661046743E-01 3.511449555E-03
 1.676430106E-01 3.506330308E-03
 1.691883355E-01 3.501243424E-03
 1.707406938E-01 3.496188205E-03
 1.723001748E-01 3.491164884E-03
 1.738668382E-01 3.486173460E-03
 1.754407436E-01 3.481213469E-03
 1.770219952E-01 3.476283513E-03
 1.786106378E-01 3.471383825E-03
 1.802067459E-01 3.466513939E-03
 1.818104088E-01 3.461673157E-03
 1.834216863E-01 3.456860548E-03
 1.850406677E-01 3.452076111E-03
 1.866674274E-01 3.447319381E-03
 1.883020550E-01 3.442589892E-03
 1.899445951E-01 3.437886480E-03
 1.915951520E-01 3.433209611E-03
 1.932538152E-01 3.428558586E-03
 1.949206442E-01 3.423932940E-03
 1.965957433E-01 3.419331741E-03
 1.982791722E-01 3.414755221E-03
 1.999710351E-01 3.410203150E-03
 2.016714215E-01 3.405674594E-03
 2.033804059E-01 3.401169321E-03
 2.050980777E-01 3.396686865E-03
 2.068245411E-01 3.392226994E-03
 2.085598707E-01 3.387789708E-03
 2.103041708E-01 3.383373609E-03
 2.120575309E-01 3.378979163E-03
 2.138200402E-01 3.374605905E-03
 2.155917883E-01 3.370253602E-03
 2.173728943E-01 3.365921322E-03
 2.191634327E-01 3.361608833E-03
 2.209635228E-01 3.357316367E-03
 2.227732539E-01 3.353043692E-03
 2.245927304E-01 3.348789876E-03
 2.264220566E-01 3.344554454E-03
 2.282613367E-01 3.340337891E-03
 2.301106751E-01 3.336139489E-03
 2.319701910E-01 3.331959015E-03
 2.338399738E-01 3.327795770E-03
 2.357201427E-01 3.323649988E-03
 2.376108319E-01 3.319521202E-03
 2.395121157E-01 3.315409180E-03
 2.414241433E-01 3.311312525E-03
 2.433470190E-01 3.307230771E-03
 2.452808470E-01 3.303163452E-03
 2.472257763E-01 3.299111035E-03
 2.491818964E-01 3.295073519E-03
 2.511493564E-01 3.291050438E-03
 2.531282902E-01 3.287042491E-03
 2.551187873E-01 3.283049213E-03
 2.571209967E-01 3.279070603E-03
 2.591350675E-01 3.275105730E-03
 2.611611187E-01 3.271154594E-03
 2.631992698E-01 3.267217427E-03
 2.652496696E-01 3.263293998E-03
 2.673124373E-01 3.259383375E-03
 2.693877518E-01 3.255485790E-03
 2.714757323E-01 3.251600778E-03
 2.735765278E-01 3.247728571E-03
 2.756902874E-01 3.243868938E-03
 2.778171599E-01 3.240020946E-03
 2.799572945E-01 3.236184595E-03
 2.821108401E-01 3.232360352E-03
 2.842779458E-01 3.228547750E-03
 2.864587903E-01 3.224746091E-03
 2.886535227E-01 3.220955376E-03
 2.908623219E-01 3.217175603E-03
 2.930853069E-01 3.213406773E-03
 2.953226864E-01 3.209648188E-03
 2.975746393E-01 3.205899848E-03
 2.998413146E-01 3.202161286E-03
 3.021228909E-01 3.198432736E-03
 3.044195473E-01 3.194714198E-03
 3.067314625E-01 3.191004973E-03
 3.090588450E-01 3.187304828E-03
 3.114018440E-01 3.183613764E-03
 3.137606978E-01 3.179932013E-03
 3.161355257E-01 3.176258877E-03
 3.185265958E-01 3.172594355E-03
 3.209340870E-01 3.168937983E-03
 3.233581781E-01 3.165289992E-03
 3.257990777E-01 3.161650151E-03
 3.282570243E-01 3.158018459E-03
 3.307321966E-01 3.154393984E-03
 3.332248330E-01 3.150776960E-03
 3.357351422E-01 3.147167619E-03
 3.382633626E-01 3.143565729E-03
 3.408097029E-01 3.139970591E-03
 3.433744013E-01 3.136382205E-03
 3.459576964E-01 3.132800572E-03
 3.485597968E-01 3.129225690E-03
 3.511810005E-01 3.125657327E-03
 3.538214862E-01 3.122095019E-03
 3.564815521E-01 3.118538531E-03
 3.591614366E-01 3.114987398E-03
 3.618614078E-01 3.111441387E-03
 3.645817339E-01 3.107899567E-03
 3.673226237E-01 3.104361938E-03
 3.700844347E-01 3.100829199E-03
 3.728674054E-01 3.097301582E-03
 3.756718040E-01 3.093779320E-03
 3.784979284E-01 3.090261715E-03
 3.813460767E-01 3.086748533E-03
 3.842165470E-01 3.083240241E-03
 3.871096373E-01 3.079736372E-03
 3.900256455E-01 3.076236928E-03
 3.929648995E-01 3.072741209E-03
 3.959276974E-01 3.069249680E-03
 3.989143968E-01 3.065761877E-03
 4.019253254E-01 3.062278032E-03
 4.049607813E-01 3.058797680E-03
 4.080211222E-01 3.055320354E-03
 4.111067355E-01 3.051846521E-03
 4.142179191E-01 3.048375947E-03
 4.173550904E-01 3.044908168E-03
 4.205185771E-01 3.041443182E-03
 4.237087667E-01 3.037980758E-03
 4.269260764E-01 3.034521127E-03
 4.301708341E-01 3.031063825E-03
 4.334434569E-01 3.027608851E-03
 4.367443919E-01 3.024155740E-03
 4.400739968E-01 3.020704724E-03
 4.434327483E-01 3.017255571E-03
 4.468210340E-01 3.013808280E-03
 4.502393007E-01 3.010362154E-03
 4.536879957E-01 3.006917424E-03
 4.571675658E-01 3.003474092E-03
 4.606784880E-01 3.000032157E-03
 4.642212391E-01 2.996590920E-03
 4.677962959E-01 2.993149916E-03
 4.714041352E-01 2.989709377E-03
 4.750452936E-01 2.986269537E-03
 4.787202775E-01 2.982829930E-03
 4.824295640E-01 2.979390323E-03
 4.861737490E-01 2.975950949E-03
 4.899533391E-01 2.972511575E-03
 4.937689006E-01 2.969072200E-03
 4.976209998E-01 2.965632360E-03
 5.015102029E-01 2.962191822E-03
 5.054371357E-01 2.958751051E-03
 5.094023943E-01 2.955309348E-03
 5.134065747E-01 2.951866947E-03
 5.174503326E-01 2.948423382E-03
 5.215342641E-01 2.944978420E-03
 5.256590843E-01 2.941532526E-03
 5.298254490E-01 2.938085236E-03
 5.340340734E-01 2.934636083E-03
 5.382856131E-01 2.931184834E-03
 5.425807834E-01 2.927731490E-03
 5.469203591E-01 2.924275119E-03
 5.513049960E-01 2.920815023E-03
 5.557355881E-01 2.917351667E-03
 5.602129102E-01 2.913885284E-03
 5.647376776E-01 2.910416340E-03
 5.693107247E-01 2.906944603E-03
 5.739330053E-01 2.903469838E-03
 5.786052346E-01 2.899991814E-03
 5.833283663E-01 2.896510763E-03
 5.881032944E-01 2.893026220E-03
 5.929309130E-01 2.889537951E-03
 5.978122354E-01 2.886045724E-03
 6.027481556E-01 2.882550005E-03
 6.077396870E-01 2.879050095E-03
 6.127878428E-01 2.875545761E-03
 6.178936362E-01 2.872037003E-03
 6.230581999E-01 2.868523588E-03
 6.282825470E-01 2.865005750E-03
 6.335678697E-01 2.861482557E-03
 6.389152408E-01 2.857954241E-03
 6.443258524E-01 2.854420803E-03
 6.498009562E-01 2.850882011E-03
 6.553417444E-01 2.847337397E-03
 6.609494686E-01 2.843786962E-03
 6.666254401E-01 2.840230474E-03
 6.723710299E-01 2.836668165E-03
 6.781874895E-01 2.833099104E-03
 6.840763688E-01 2.829523291E-03
 6.900390387E-01 2.825941192E-03
 6.960769296E-01 2.822351875E-03
 7.021916509E-01 2.818755573E-03
 7.083846927E-01 2.815151587E-03
 7.146576643E-01 2.811540384E-03
 7.210122347E-01 2.807921264E-03
 7.274500728E-01 2.804294229E-03
 7.339729071E-01 2.800659044E-03
 7.405825853E-01 2.797015477E-03
 7.472808361E-01 2.793363528E-03
 7.540696263E-01 2.789702499E-03
 7.609508634E-01 2.786032390E-03
 7.679265738E-01 2.782353433E-03
 7.749987841E-01 2.778664697E-03
 7.821695805E-01 2.774966182E-03
 7.894411683E-01 2.771257889E-03
 7.968158126E-01 2.767539583E-03
 8.042958379E-01 2.763810568E-03
 8.118835092E-01 2.760071075E-03
 8.195813894E-01 2.756320406E-03
 8.273919821E-01 2.752557863E-03
 8.353177905E-01 2.748782746E-03
 8.433616161E-01 2.744994126E-03
 8.515261412E-01 2.741192468E-03
 8.598142862E-01 2.737377770E-03
 8.682289124E-01 2.733550500E-03
 8.767731786E-01 2.729710657E-03
 8.854500651E-01 2.725858008E-03
 8.942628503E-01 2.721991623E-03
 9.032149911E-01 2.718111966E-03
 9.123097658E-01 2.714218339E-03
 9.215508699E-01 2.710310509E-03
 9.309419394E-01 2.706388012E-03
 9.404867887E-01 2.702450613E-03
 9.501893520E-01 2.698498312E-03
 9.600536823E-01 2.694530180E-03
 9.700840712E-01 2.690546447E-03
 9.802848101E-01 2.686546184E-03
 9.906604290E-01 2.682529623E-03
 1.001215577E+00 2.678498626E-03
 1.011955261E+00 2.674487419E-03
 1.022694826E+00 2.670490416E-03
 1.033434510E+00 2.666540444E-03
 1.044174075E+00 2.662637969E-03
 1.054913640E+00 2.658782760E-03
 1.065653324E+00 2.654974116E-03
 1.076392889E+00 2.651211107E-03
 1.087132573E+00 2.647493267E-03
 1.097872138E+00 2.643819200E-03
 1.108611822E+00 2.640188439E-03
 1.119351387E+00 2.636599820E-03
 1.130090952E+00 2.633052878E-03
 1.140830636E+00 2.629546449E-03
 1.151570201E+00 2.626079833E-03
 1.162309885E+00 2.622652566E-03
 1.173049450E+00 2.619263250E-03
 1.183789134E+00 2.615911653E-03
 1.194528699E+00 2.612596843E-03
 1.205268383E+00 2.609318122E-03
 1.216007948E+00 2.606074791E-03
 1.226747513E+00 2.602866152E-03
 1.237487197E+00 2.599691506E-03
 1.248226762E+00 2.596550621E-03
 1.258966446E+00 2.593442332E-03
 1.269706011E+00 2.590366406E-03
 1.280445695E+00 2.587322146E-03
 1.291185260E+00 2.584308852E-03
 1.301924825E+00 2.581325360E-03
 1.312664509E+00 2.578370972E-03
 1.323404074E+00 2.575444989E-03
 1.334143758E+00 2.572547412E-03
 1.344883323E+00 2.569678240E-03
 1.355623007E+00 2.566837007E-03
 1.366362572E+00 2.564023249E-03
 1.377102256E+00 2.561236266E-03
 1.387841821E+00 2.558475593E-03
 1.398581386E+00 2.555740764E-03
 1.409321070E+00 2.553031547E-03
 1.420060635E+00 2.550347708E-03
 1.430800319E+00 2.547688782E-03
 1.441539884E+00 2.545054071E-03
 1.452279568E+00 2.542443573E-03
 1.463019133E+00 2.539856592E-03
 1.473758817E+00 2.537293127E-03
 1.484498382E+00 2.534752246E-03
 1.495237947E+00 2.532233950E-03
 1.505977631E+00 2.529737772E-03
 1.516717196E+00 2.527263481E-03
 1.527456880E+00 2.524810610E-03
 1.538196445E+00 2.522378694E-03
 1.548936129E+00 2.519967500E-03
 1.559675694E+00 2.517577028E-03
 1.570415258E+00 2.515206579E-03
 1.581154943E+00 2.512855688E-03
 1.591894507E+00 2.510524588E-03
 1.602634192E+00 2.508212347E-03
 1.613373756E+00 2.505918965E-03
 1.624113441E+00 2.503644442E-03
 1.634853005E+00 2.501388080E-03
 1.645592690E+00 2.499149414E-03
 1.656332254E+00 2.496928675E-03
 1.667071819E+00 2.494725166E-03
 1.677811503E+00 2.492538886E-03
 1.688551068E+00 2.490369603E-03
 1.699290752E+00 2.488216618E-03
 1.710030317E+00 2.486079931E-03
 1.720770001E+00 2.483959310E-03
 1.731509566E+00 2.481854288E-03
 1.742249131E+00 2.479764633E-03
 1.752988815E+00 2.477690112E-03
 1.763728380E+00 2.475630259E-03
 1.774468064E+00 2.473584842E-03
 1.785207629E+00 2.471553395E-03
 1.795947313E+00 2.469535684E-03
 1.806686878E+00 2.467531478E-03
 1.817426562E+00 2.465539845E-03
 1.828166127E+00 2.463560551E-03
 1.838905692E+00 2.461592900E-03
 1.849645376E+00 2.459636889E-03
 1.860384941E+00 2.457690891E-03
 1.871124625E+00 2.455752343E-03
 1.881864190E+00 2.453816822E-03
 1.892603874E+00 2.451880137E-03
 1.903343439E+00 2.449943218E-03
 1.914083004E+00 2.448020270E-03
 1.924822688E+00 2.446143189E-03
 1.935562253E+00 2.444338752E-03
 1.946301937E+00 2.442548750E-03
 1.957041502E+00 2.440480515E-03
 1.967781186E+00 2.437589224E-03
 1.978520751E+00 2.432031557E-03
 1.989260435E+00 2.423849888E-03
zone,t="SU2"
0  0.0273027  
0.001  0.00725335  
0.00200197  0.00615961  
0.00300592  0.00591415  
0.00401189  0.00580345  
0.00501988  0.00573372  
0.00602991  0.00566296  
0.00704202  0.00558575  
0.0080562  0.00550736  
0.0090725  0.00543321  
0.0100909  0.00536537  
0.0111115  0.00530342  
0.0121342  0.00524605  
0.0131592  0.00519211  
0.0141863  0.00514092  
0.0152157  0.00509216  
0.0162473  0.00504571  
0.0172812  0.00500154  
0.0183173  0.00495957  
0.0193558  0.0049197  
0.0203967  0.00488183  
0.0214399  0.00484583  
0.0224854  0.00481156  
0.0235334  0.00477887  
0.0245838  0.00474764  
0.0256367  0.00471774  
0.026692  0.00468911  
0.0277498  0.00466163  
0.0288102  0.00463522  
0.029873  0.00460981  
0.0309385  0.00458531  
0.0320065  0.00456166  
0.0330772  0.00453881  
0.0341504  0.00451672  
0.0352264  0.00449534  
0.036305  0.00447463  
0.0373863  0.00445455  
0.0384704  0.00443506  
0.0395572  0.00441614  
0.0406468  0.00439774  
0.0417392  0.00437985  
0.0428345  0.00436242  
0.0439326  0.00434544  
0.0450336  0.00432889  
0.0461375  0.00431273  
0.0472444  0.00429693  
0.0483542  0.00428147  
0.049467  0.0042663  
0.0505828  0.00425142  
0.0517017  0.00423682  
0.0528237  0.00422248  
0.0539487  0.00420841  
0.0550769  0.00419461  
0.0562083  0.00418106  
0.0573428  0.00416776  
0.0584805  0.0041547  
0.0596216  0.00414187  
0.0607658  0.00412927  
0.0619134  0.00411689  
0.0630643  0.00410472  
0.0642186  0.00409277  
0.0653763  0.00408102  
0.0665374  0.00406946  
0.0677019  0.0040581  
0.06887  0.00404692  
0.0700415  0.00403592  
0.0712167  0.0040251  
0.0723953  0.00401444  
0.0735777  0.00400395  
0.0747636  0.00399362  
0.0759533  0.00398344  
0.0771466  0.00397342  
0.0783437  0.00396353  
0.0795446  0.00395379  
0.0807493  0.00394419  
0.0819578  0.00393471  
0.0831703  0.00392537  
0.0843866  0.00391615  
0.0856069  0.00390705  
0.0868312  0.00389808  
0.0880596  0.00388922  
0.089292  0.00388048  
0.0905285  0.00387184  
0.0917691  0.00386332  
0.0930139  0.0038549  
0.0942629  0.00384658  
0.0955162  0.00383837  
0.0967737  0.00383025  
0.0980356  0.00382223  
0.0993019  0.0038143  
0.100572  0.00380647  
0.101848  0.00379872  
0.103127  0.00379106  
0.104411  0.00378349  
0.1057  0.003776  
0.106993  0.00376859  
0.108291  0.00376126  
0.109594  0.003754  
0.110901  0.00374683  
0.112214  0.00373972  
0.113531  0.00373269  
0.114853  0.00372573  
0.116179  0.00371883  
0.117511  0.003712  
0.118848  0.00370523  
0.12019  0.00369853  
0.121537  0.00369189  
0.122889  0.00368532  
0.124246  0.0036788  
0.125609  0.00367235  
0.126977  0.00366595  
0.12835  0.00365961  
0.129728  0.00365333  
0.131113  0.0036471  
0.132502  0.00364093  
0.133897  0.00363481  
0.135298  0.00362874  
0.136704  0.00362272  
0.138116  0.00361675  
0.139534  0.00361083  
0.140958  0.00360496  
0.142387  0.00359913  
0.143823  0.00359335  
0.145264  0.00358762  
0.146711  0.00358193  
0.148165  0.00357628  
0.149624  0.00357067  
0.15109  0.00356511  
0.152563  0.00355959  
0.154041  0.00355411  
0.155526  0.00354867  
0.157017  0.00354327  
0.158515  0.0035379  
0.16002  0.00353258  
0.161531  0.00352729  
0.163049  0.00352203  
0.164573  0.00351681  
0.166105  0.00351162  
0.167643  0.00350647  
0.169188  0.00350134  
0.170741  0.00349626  
0.1723  0.0034912  
0.173867  0.00348617  
0.175441  0.00348118  
0.177022  0.00347622  
0.178611  0.00347128  
0.180207  0.00346638  
0.18181  0.00346151  
0.183422  0.00345666  
0.185041  0.00345184  
0.186667  0.00344705  
0.188302  0.00344229  
0.189945  0.00343756  
0.191595  0.00343285  
0.193254  0.00342817  
0.194921  0.00342351  
0.196596  0.00341888  
0.198279  0.00341427  
0.199971  0.00340969  
0.201671  0.00340513  
0.20338  0.00340059  
0.205098  0.00339608  
0.206824  0.00339159  
0.20856  0.00338712  
0.210304  0.00338268  
0.212058  0.00337825  
0.21382  0.00337385  
0.215592  0.00336947  
0.217373  0.00336511  
0.219163  0.00336077  
0.220963  0.00335645  
0.222773  0.00335214  
0.224593  0.00334786  
0.226422  0.0033436  
0.228261  0.00333935  
0.230111  0.00333513  
0.23197  0.00333092  
0.23384  0.00332673  
0.23572  0.00332255  
0.237611  0.00331839  
0.239512  0.00331426  
0.241424  0.00331013  
0.243347  0.00330602  
0.245281  0.00330192  
0.247226  0.00329784  
0.249182  0.00329378  
0.251149  0.00328972  
0.253128  0.00328569  
0.255119  0.00328167  
0.257121  0.00327766  
0.259135  0.00327367  
0.261161  0.00326969  
0.263199  0.00326573  
0.26525  0.00326178  
0.267312  0.00325784  
0.269388  0.00325392  
0.271476  0.00325001  
0.273576  0.00324611  
0.27569  0.00324222  
0.277817  0.00323835  
0.279957  0.00323448  
0.282111  0.00323063  
0.284278  0.00322679  
0.286459  0.00322296  
0.288653  0.00321915  
0.290862  0.00321534  
0.293085  0.00321155  
0.295323  0.00320776  
0.297575  0.00320399  
0.299841  0.00320022  
0.302123  0.00319647  
0.30442  0.00319272  
0.306731  0.00318899  
0.309059  0.00318526  
0.311402  0.00318154  
0.313761  0.00317783  
0.316135  0.00317413  
0.318527  0.00317044  
0.320934  0.00316676  
0.323358  0.00316309  
0.325799  0.00315942  
0.328257  0.00315576  
0.330732  0.00315211  
0.333225  0.00314847  
0.335735  0.00314483  
0.338263  0.0031412  
0.34081  0.00313758  
0.343374  0.00313396  
0.345958  0.00313036  
0.34856  0.00312676  
0.351181  0.00312316  
0.353821  0.00311957  
0.356482  0.00311599  
0.359161  0.00311241  
0.361861  0.00310883  
0.364582  0.00310526  
0.367323  0.0031017  
0.370084  0.00309813  
0.372867  0.00309458  
0.375672  0.00309103  
0.378498  0.00308748  
0.381346  0.00308394  
0.384216  0.00308041  
0.38711  0.00307688  
0.390026  0.00307335  
0.392965  0.00306983  
0.395928  0.00306631  
0.398914  0.00306279  
0.401925  0.00305928  
0.404961  0.00305577  
0.408021  0.00305226  
0.411107  0.00304876  
0.414218  0.00304526  
0.417355  0.00304176  
0.420519  0.00303827  
0.423709  0.00303478  
0.426926  0.00303129  
0.430171  0.0030278  
0.433443  0.00302432  
0.436744  0.00302084  
0.440074  0.00301736  
0.443433  0.00301388  
0.446821  0.0030104  
0.450239  0.00300692  
0.453688  0.00300345  
0.457168  0.00299997  
0.460678  0.0029965  
0.464221  0.00299303  
0.467796  0.00298955  
0.471404  0.00298608  
0.475045  0.00298261  
0.47872  0.00297914  
0.48243  0.00297567  
0.486174  0.00297219  
0.489953  0.00296872  
0.493769  0.00296525  
0.497621  0.00296178  
0.50151  0.0029583  
0.505437  0.00295483  
0.509402  0.00295136  
0.513407  0.00294788  
0.51745  0.0029444  
0.521534  0.00294092  
0.525659  0.00293744  
0.529826  0.00293396  
0.534034  0.00293048  
0.538286  0.00292699  
0.542581  0.0029235  
0.54692  0.00292  
0.551305  0.0029165  
0.555736  0.002913  
0.560213  0.0029095  
0.564738  0.00290599  
0.569311  0.00290248  
0.573933  0.00289897  
0.578605  0.00289546  
0.583328  0.00289194  
0.588103  0.00288841  
0.592931  0.00288489  
0.597812  0.00288135  
0.602748  0.00287782  
0.60774  0.00287428  
0.612788  0.00287073  
0.617894  0.00286718  
0.623058  0.00286363  
0.628283  0.00286007  
0.633568  0.0028565  
0.638915  0.00285293  
0.644326  0.00284935  
0.649801  0.00284577  
0.655342  0.00284218  
0.66095  0.00283859  
0.666625  0.00283499  
0.672371  0.00283138  
0.678187  0.00282776  
0.684076  0.00282414  
0.690039  0.00282051  
0.696077  0.00281687  
0.702192  0.00281323  
0.708385  0.00280957  
0.714658  0.00280591  
0.721012  0.00280224  
0.72745  0.00279856  
0.733973  0.00279488  
0.740583  0.00279118  
0.747281  0.00278748  
0.75407  0.00278376  
0.760951  0.00278003  
0.767927  0.0027763  
0.774999  0.00277256  
0.78217  0.0027688  
0.789441  0.00276503  
0.796816  0.00276126  
0.804296  0.00275747  
0.811884  0.00275366  
0.819581  0.00274985  
0.827392  0.00274602  
0.835318  0.00274218  
0.843362  0.00273832  
0.851526  0.00273446  
0.859814  0.00273058  
0.868229  0.00272668  
0.876773  0.00272277  
0.88545  0.00271885  
0.894263  0.00271492  
0.903215  0.00271096  
0.91231  0.002707  
0.921551  0.00270302  
0.930942  0.00269902  
0.940487  0.002695  
0.950189  0.00269098  
0.960054  0.00268693  
0.970084  0.00268286  
0.980285  0.00267878  
0.99066  0.00267468  
1.00122  0.00267056  
1.01196  0.00266643  
1.02269  0.00266234  
1.03343  0.00265831  
1.04417  0.00265432  
1.05491  0.00265038  
1.06565  0.00264649  
1.07639  0.00264264  
1.08713  0.00263883  
1.09787  0.00263507  
1.10861  0.00263136  
1.11935  0.00262768  
1.13009  0.00262405  
1.14083  0.00262046  
1.15157  0.0026169  
1.16231  0.00261339  
1.17305  0.00260991  
1.18379  0.00260648  
1.19453  0.00260307  
1.20527  0.00259971  
1.21601  0.00259638  
1.22675  0.00259308  
1.23749  0.00258982  
1.24823  0.00258659  
1.25897  0.0025834  
1.26971  0.00258023  
1.28045  0.0025771  
1.29119  0.00257399  
1.30192  0.00257092  
1.31266  0.00256788  
1.3234  0.00256486  
1.33414  0.00256188  
1.34488  0.00255892  
1.35562  0.00255599  
1.36636  0.00255309  
1.3771  0.00255021  
1.38784  0.00254737  
1.39858  0.00254454  
1.40932  0.00254175  
1.42006  0.00253898  
1.4308  0.00253623  
1.44154  0.00253351  
1.45228  0.00253081  
1.46302  0.00252814  
1.47376  0.00252549  
1.4845  0.00252286  
1.49524  0.00252026  
1.50598  0.00251768  
1.51672  0.00251512  
1.52746  0.00251258  
1.5382  0.00251006  
1.54894  0.00250756  
1.55968  0.00250508  
1.57042  0.00250263  
1.58115  0.00250019  
1.59189  0.00249778  
1.60263  0.00249538  
1.61337  0.002493  
1.62411  0.00249064  
1.63485  0.0024883  
1.64559  0.00248598  
1.65633  0.00248367  
1.66707  0.00248139  
1.67781  0.00247912  
1.68855  0.00247687  
1.69929  0.00247463  
1.71003  0.00247241  
1.72077  0.00247021  
1.73151  0.00246803  
1.74225  0.00246586  
1.75299  0.0024637  
1.76373  0.00246156  
1.77447  0.00245944  
1.78521  0.00245733  
1.79595  0.00245524  
1.80669  0.00245316  
1.81743  0.0024511  
1.82817  0.00244905  
1.83891  0.00244701  
1.84965  0.00244499  
1.86038  0.00244298  
1.87112  0.00244099  
1.88186  0.00243901  
1.8926  0.00243704  
1.90334  0.00243508  
1.91408  0.00243314  
1.92482  0.00243124  
1.93556  0.00242938  
1.9463  0.00242752  
1.95704  0.00242554  
1.96778  0.00242313  
1.97852  0.00242127  
1.98926  0.00241357  
2  0.00242407 